"","aac_recomputed","ic50_recomputed","HS","E_inf","EC50"
"EB3 [Human Burkitt lymphoma]",0.241096850623801,1.33250623761177,4,49.7203666433474,0.36439632935144
"JHU-022",0.218713704375718,2.50107257879491,1.26782200352283,0,2.50107257879491
"IGR-37",0.195713403722653,2.95015475424366,1.34551495505217,0,2.95015475424366
"HD-MY-Z",0.216787955881757,6.73480669729553,0.50987333432383,0,6.73480669729553
"H4",0.409341157382721,0.502895935389145,1.52057543031047,9.92316584244924,0.434804227431004
"Calu-3",0.0581835230674756,7.14334507930472,3.777355144253,0,7.14334507930472
"Becker",0.336862889240979,1.55048579570448,0.536940662554651,0,1.55048579570448
"DU145",0.0388760820406675,8.48708999697869,4,0,8.48708999697869
"NCI-H2595",0.312227857779785,1.75329381182507,0.612396942871619,0,1.75329381182507
"CaR-1",0.264156024000109,1.62188896719437,1.56452100860311,4.70812767747231,1.522540312932
"DOK",0.321002732862856,0.999203224099502,2.99957282172817,5.28290467800871,0.962689093317043
"CW-2",0.0932859974717421,6.47193861895951,1.79913979355478,0,6.47193861895951
"22Rv1",0.174202144815682,21.6283038900023,0.687061168410968,40.602306534156,1.8985524975341
"CAL-39",0.371638390048238,0.627742097216919,3.07352743809904,9.51580686090861,0.586071855280828
"K5",0.180229868393536,3.2701259044342,1.43676470604821,0,3.2701259044342
"COLO 679",0.203640080167104,3.26185809934177,0.987052552739614,0,3.26185809934177
"769-P",0.110635342853272,5.08189112413818,2.25415913744778,0,5.08189112413818
"DOV13",0.256388897501043,1.83861524661386,1.31344358210544,0,1.83861524661386
"A-375",0.266595793401471,1.76298111763665,1.16027137691748,0,1.76298111763665
"A-375.1",0.239785044476064,2.03812482286397,1.44646731498154,0,2.03812482286397
"A-375.2",0.248776482816212,1.84508903256095,1.65603985440131,1.24161982707673,1.81728415215872
"A-549",0.261736079041523,1.56634329087024,1.78835981575598,8.35238724837824,1.41416463068208
"A-549.1",0.231756973076462,2.20883327697434,1.34731021454541,0,2.20883327697434
"A-549.2",0.235673365691108,1.85256419075127,2.08268097384593,9.490922749073,1.67447646004342
"C32 [Human melanoma]",0.239184674451452,2.00526585565423,1.60637184769474,0,2.00526585565423
"C32 [Human melanoma].1",0.230216886982281,2.12129143416613,1.71247271664474,0,2.12129143416613
"HCT 15",0.251416997854313,1.6634821263424,1.91586076366327,9.28736797806933,1.4943011241219
"HCT 15.1",0.123940272453776,4.55138865590553,2.26111354985528,0,4.55138865590553
"HCT 15.2",0.276899353063291,1.34801860313742,1.54716624198837,15.4588028438755,1.06138299255981
"HT-29",0.247374783705604,1.88474389140513,1.50940370971627,2.27734247630339,1.82742477530929
"HT-29.1",0.233718972481567,1.95705392533019,1.75655404597783,8.36124521064488,1.76343521833172
"HT-29.2",0.286563844197552,1.24007584795651,1.95844775787974,10.7392290484608,1.09604567191185
"MHH-ES-1",0.242777821543618,2.18933909378262,1.08947866144366,0,2.18933909378262
"MHH-ES-1.1",0.205584332178001,2.94395401557217,1.12908095591235,0,2.94395401557217
"MHH-ES-1.2",0.218819808432274,2.47965664852837,1.29460771699614,0,2.47965664852837
"PC-14",0.252386327941061,1.77823150768568,1.67202265353282,2.56111941080602,1.72318080167364
"PC-14.1",0.20249125086346,2.77307331475419,1.36919818000277,0,2.77307331475419
"PC-14.2",0.286407750546404,1.53606154919638,1.10182365043415,0,1.53606154919638
"SNU-C2B",0.152153977935878,4.88591699647242,1.40475328461964,33.0963220046303,2.25768771304195
"SNU-C2B.1",0.135076179582885,5.06889272323935,1.39159315932962,11.1150519821128,4.23106957106673
"SNU-C2B.2",0.123538929748588,4.99471455646279,2.14767166121941,37.508225662436,2.61846078028763
"SW620",0.282314668933498,1.5726373002808,1.13029889143613,0,1.5726373002808
"SW620.1",0.244150483629279,2.05931629153291,1.23598605114823,0,2.05931629153291
"SW620.2",0.238146153919665,2.04101021293974,1.47961537382946,1.309745620004,2.00472123357488
"U2OS",0.189227545605764,2.70949280196214,2.14086020128121,5.89834208732808,2.55519410579678
"U2OS.1",0.210236777593417,2.8413325895193,1.11928997490802,0,2.8413325895193
"U2OS.2",0.217224617049296,2.44380726846164,1.40701720029166,0,2.44380726846164
"MFM-223",0.338422141024127,0.917689002416546,1.02618881796481,19.6534406208309,0.564117229274287
"MFM-223.1",0.340475195978969,0.638773052930554,1.67136884372699,26.7458201497048,0.404041909748886
"MFM-223.2",0.345099774300061,0.706184473334794,1.33415431033383,24.8076672813984,0.42245391855282
"NY",0.190264405034813,3.07221068243215,1.36116346647698,0,3.07221068243215
"BICR 78",0.0721380110792925,8.4300158039194,1.70434435541446,0,8.4300158039194
"ES7",0.378534166844588,0.464455993521574,3.81784203820398,17.9284921428828,0.413458171148472
"HLE",0.123025996716002,4.74689315049891,1.97467380376866,0.00994413793458002,4.7464150353055
"Kelly",0.299581231425436,0.737787638334194,4,25.7751837173022,0.615536762921736
"KINGS-1",0.414505440342658,0.787740862523725,0.451454875312266,0,0.787740862523725
"KP-3",0.103293309133437,NA,0.814724529600907,61.1724355205456,2.1299210812059
"MKN1",0.207793531403552,2.76263012175741,1.23397009876758,1.22514515021177,2.70764398061435
"SJNB-13",0.25847029610597,1.58303507895893,2.24831478477871,6.67806309692714,1.48524375658956
"SJNB-7",0.239831237696919,1.64934764112155,1.63261962589717,33.9179704888402,0.823323800567925
"NCI-H1993",0.507425143520488,0.151468583391805,0.986161017754178,28.5256044958002,0.0642869228934291
"BxPC-3",0.144304305633485,3.95975754580935,2.02552660222557,0,3.95975754580935
"CPC-N",0.305054424005759,0.784324801572535,4,21.5736237642595,0.68105756632977
"GaMG",0.166274207574416,3.44568106413954,1.74438310806427,0,3.44568106413954
"L-540",0.236704525923432,2.72674484751327,0.837832828229536,0,2.72674484751327
"LCLC-103H",0.124926954013391,4.45599837237367,2.42133887539053,0,4.45599837237367
"Loucy",0.456379993684246,0.346470822098906,2.62716835720499,8.08781612123546,0.323965295167298
"MOLT-4",0.432409022299582,0.332292467835409,4,14.4015610595709,0.305235986514635
"Mo",0.139264334460907,4.03581637564072,2.24566849681441,0,4.03581637564072
"NALM-6",0.454833819128653,0.303144051628513,1.73846548983676,15.1469118962592,0.24631766309542
"Namalwa",0.263857975495755,1.58245867518562,1.33583939055118,16.6988362404524,1.16734112293235
"NOMO-1",0.312797054037137,1.14481928388355,1.04122707515743,34.2173140866869,0.378247825755529
"OPM-2",0.33665594936339,0.95909957009699,1.86900055198395,1.97318381710919,0.938658858204138
"OVCAR-5",0.172808362201631,3.49788153344517,1.41169876214027,5.6034959516313,3.21542474820215
"A4/Fukuda",0.485027003077183,0.308000888424191,0.962974355758342,8.31719198034963,0.254976961138704
"ACHN",0.312054525464807,1.19974557406526,1.22470753006313,3.25283079601562,1.13562445684109
"BE-13",0.58405711679001,0.166754160042817,1.09934182895066,1.24953879247837,0.162959103282074
"BT-483",0.00172409443796354,21.277596821252,4,0,21.277596821252
"CAL-62",0.146462693735397,3.91829880392245,1.88827428066936,8.55571257355354,3.54759168005861
"CAL-85-1",0.183411973496563,3.03304612648371,1.69065035183074,0,3.03304612648371
"CHL-1",0.19032302694229,3.00510955838077,1.44339266680354,0,3.00510955838077
"COLO 668",0.191133251903469,6.17895574030666,0.637724412621396,0,6.17895574030666
"D-263MG",0.272189374131829,1.6456843695212,1.26449128527066,0,1.6456843695212
"ES8",0.444224507293997,0.418311078344952,2.38618638198635,4.53393315472065,0.401974680265507
"EB3 [Human Burkitt lymphoma].1",0.0838656065468118,5.75026495854378,4,0,5.75026495854378
"JHU-022.1",0.213746460401029,2.19296069320689,2.11791866050596,9.58576916190744,1.98329017198225
"JVM-3",0.357604363255531,0.3114156796856,4,34.2807442774208,0.233187877303443
"L-1236",0.25623678108355,2.4545273600244,0.764377621412396,0,2.4545273600244
"LAMA-84",0.634808189824002,0.10899566217416,1.96406961745449,3.69955205173332,0.104812104243559
"LC4-1",0.361941528056736,0.335551892031571,3.6875,31.875,0.254829674797935
"LoVo",0.252302736299141,1.20257105583283,3.70425833806434,24.0842600968686,1.00707672540649
"LS1034",0.143849223016699,3.57991880384364,4,7.01229420030519,3.44720207446622
"M059J",0.202713566232402,2.65719567657701,1.56967573092556,0,2.65719567657701
"MFE-280",0.180811373852214,2.78438899146572,1.92395236782651,23.1125138595417,2.01695104689351
"MIA PaCa-2",0.231181394908739,2.35315938545429,1.14753654771636,0,2.35315938545429
"NKM-1",0.890859093530859,0.00934903959352919,1.45904145677295,5.34762952312392,0.00865161731658898
"OCUB-M",0.192965116162898,NA,4,55.1068741059012,0.513573316746081
"COLO 320HSR",0.343021588889152,0.807289729783845,2.74773055516399,8.26074064175373,0.755940467270722
"CaR-1.1",0.305352745490898,0.907683079859183,3.49591616993809,15.9499224883272,0.813217244706084
"BICR 78.1",0.097947849591907,5.59325493123239,2.36347067651757,0,5.59325493123239
"IHH-4",0.228755345051684,2.21235371068629,1.46007858658829,0,2.21235371068629
"EFO-21",0.131469632941446,8.19235260994994,0.944790369696764,16.4739177518969,5.36633428394989
"IA-LM",0.0616908991593576,8.29212393212735,2.14508967299327,0,8.29212393212735
"KALS-1",0.111578565251078,4.73274492092291,3.38389936182006,0,4.73274492092291
"KS-1 [Human glioblastoma]",0.247061859713983,1.81983616497928,1.886748913737,2.57947326114525,1.76945729577926
"NCI-H2818",0.239894427832266,2.39502071125769,0.964355348028463,0,2.39502071125769
"Kuramochi",0.0812166409144841,10.9157286797567,4,49.5842040094985,3.29632713512899
"KP-4",0.445783618091321,0.322437179917227,1.20215646217859,19.8777174401677,0.211530177332989
"HOS",0.146320187200303,3.51362696102094,4,7.02671729734611,3.38308400960359
"WM1552C",0.183054088478065,3.13494529122259,1.51781742729776,0,3.13494529122259
"JHH-2",0.141195196903701,3.63026369353857,3.30541819221506,11.1708898846099,3.36291726817211
"NCI-H2461",0.310442647175518,2.10113699012817,0.557948916783897,12.9506556017139,1.22777428325875
"VAL",0.375412866766015,0.516520936362506,2.41880343926759,17.436044607024,0.432607591114464
"BL-41",0.290574448316004,1.51246770078694,1.04896819652864,0,1.51246770078694
"TE-5",0.0445309027246514,NA,4,50.2010472074157,5.51246286494445
"GCIY",0.169084189627441,3.05378427095294,2.66779159025245,7.05917775720346,2.88443952402248
"TGW",0.304881073246318,1.0158576063453,1.93559731201675,14.8497989459841,0.846770408023302
"HAL-01",0.406744960018626,0.535028581236125,1.38761058410448,8.41401991261783,0.468497523216998
"L-363",0.237169459893652,2.85682259376951,0.790321151643972,0,2.85682259376951
"HCC38",0.193630603560738,4.28022396263576,0.815560987144,0,4.28022396263576
"HDLM-2",0.204730333643199,3.28580652728527,0.964216061704084,0,3.28580652728527
"Lu-165",0.102686717925708,7.30027081290327,1.29268653742762,0,7.30027081290327
"ME-1 [Human leukemia]",0.129205383962792,47.8686661792147,0.432101589376411,0,47.8686661792147
"MN-60",0.19061549481603,2.84924295391099,1.74145036689163,0,2.84924295391099
"NB69",0.438440422129711,0.462292088589017,1.20040598422012,3.9276299933306,0.431835755889694
"NCI-H1792",0.264405733857235,1.50161780982864,2.75018226372716,6.11038702048404,1.43210860901438
"NCI-H2023",0.359088063787888,0.969430511374427,0.802855497610591,0,0.969430511374427
"NCI-H28",0.21934650012723,2.48133896600983,1.2773037976152,0,2.48133896600983
"NCI-H841",0.288418493929309,1.88630285750933,0.731636653148854,0,1.88630285750933
"OV-90",0.194262973570966,2.92250933791518,1.42617418084853,0,2.92250933791518
"PL18 [Human pancreatic adenocarcinoma]",0.187218556827418,3.30751541364545,1.22450409465085,0,3.30751541364545
"SKN",0.29291592045847,1.44031579846045,1.15254816836295,0,1.44031579846045
"SK-UT-1",0.109785951010661,5.62311176262784,1.72528065461256,0,5.62311176262784
"SN12C",0.248480224078598,2.77750140683713,0.72580947187364,0,2.77750140683713
"SW1710",0.194837578371196,2.91598873096085,1.41615245563389,0,2.91598873096085
"SW684",0.136074636718191,4.05544842294399,2.55091083869901,0,4.05544842294399
"SW982",0.336215165557658,0.891263988388809,2.96180735980566,5.48923395137229,0.856947651310347
"MG-63",0.294009470384675,1.50968364015755,0.982898681150541,0,1.50968364015755
"RKO",0.261464068885921,1.60301917270334,1.53920191300263,9.85475662868337,1.38995321753879
"DMS 114",0.153276339816453,3.67128539431665,2.07623522741539,0,3.67128539431665
"MDA-MB-157",0.187129003299129,3.00016727386982,1.54898005914022,2.43583158324385,2.90497664245386
"MDA-MB-436",0.0609834020277813,36.382197579925,0.75493661340278,0,36.382197579925
"NCI-H1666",0.112390247035341,5.46640396954671,1.78176940181263,8.53671533946783,4.92118154304508
"OCI-AML-3",0.252152740091754,2.33316143175963,0.853189566301567,0,2.33316143175963
"RPMI-8402",0.496364186841938,0.276485349782182,1.26679020928717,7.65146228073595,0.242511137811095
"SR",0.384258149309662,0.593620228685298,3.07517671359134,7.82553496695378,0.561656658296466
"SW13",0.177957846536289,3.23622829368164,1.56393575919544,0,3.23622829368164
"BC-1",0.403707904283095,0.642999222748483,0.827130242629644,5.22595271404159,0.562660724463452
"CAL-54",0.277440007901884,1.35970236114733,2.51448320614781,6.76608189808353,1.28330880200463
"CML-T1",0.650921130359394,0.0829470323091853,1.11213192947386,7.07996601563074,0.0723063899241408
"EW-7",0.321723010788396,0.913962630239038,3.13931692919065,9.7241271620551,0.8531187677926
"HMV-II",0.160840059223326,NA,4,53.2579737718153,0.928500209948065
"IST-Mes1",0.258021975403334,1.70196118763222,1.53469014208021,5.12833443672127,1.58608333392063
"MDA-MB-453",0.0755331861645544,6.03417311900815,4,28.0770379751055,4.91021007003407
"MKN28",0.159303594619854,3.95078191619423,1.40108945996865,0,3.95078191619423
"MPP 89",0.277588835242619,1.50769444446093,1.65992481819986,0,1.50769444446093
"MRK-nu-1",0.265927642275362,3.2973095227367,0.553354625155711,4.14632213583194,2.81979841697145
"SJNB-10",0.365911430450027,0.613086123081426,4,11.5512357885074,0.574115908981146
"NCI-H226",0.188149651401279,3.52144286081047,1.08496338046096,0,3.52144286081047
"NCI-H520",0.207680092612909,2.43268790574508,1.56358177067541,15.4163473755081,1.92173647663402
"OVMIU",0.157890698663189,4.58699199372161,1.16546574019778,10.6808584405116,3.73232326662847
"PEO1",0.10716102344282,7.28675187522904,1.33288250502286,15.7467177345772,5.48645033609422
"RKN",0.0569523280594287,NA,3.90122543841967,64.9641990737981,3.26419380711363
"RT-112",0.406145201519758,0.667493063675895,0.781554713851476,0,0.667493063675895
"SK-HEP-1",0.135041245776973,4.17451591727454,2.2377373454357,0,4.17451591727454
"SK-LU-1",0.0834444957855661,9.63008595095396,1.24340281619315,0,9.63008595095396
"Ku812",0.700284459555537,0.0702028728528714,1.06648888379024,0.501726464671099,0.0695421309256369
"D-392MG",0.280821817270517,1.4961676137013,1.46996384662025,0,1.4961676137013
"GAK",0.101119490709106,5.05265776402658,4,0,5.05265776402658
"NCI-H2731",0.308775602668266,1.20231501756488,1.60832348112637,0.592915989964878,1.19343024688025
"HARA [Human squamous cell lung carcinoma]",0.297601906229454,1.35799823649733,1.26646377361675,0,1.35799823649733
"HCC44",0.288922032553164,1.1718498858356,2.81431716466246,10.4154581786942,1.07851492093733
"H-EMC-SS",0.325965689011259,1.33990174540404,0.737246545762358,0,1.33990174540404
"HSC-2",0.245331240571714,1.99372729398251,1.33336783028913,0,1.99372729398251
"KYSE-220",0.188319173923688,2.85918676426943,1.8745867297311,0,2.85918676426943
"LK-2",0.298345668761595,0.812945942288423,3.47630580720721,23.4404598221314,0.677683288421006
"Lu-65",0.23349716048681,2.29363935152752,1.1653116260493,0,2.29363935152752
"MDA-MB-231",0.116762492658753,4.95351159157999,2.047375942811,0,4.95351159157999
"MEG-01",0.616775747723891,0.123235275687899,1.63977742675895,3.97254910541849,0.117168118216161
"ML-2",0.465100122233685,0.353277198757505,1.52460942006243,6.44232723136362,0.322718124389614
"NCI-H1355",0.124903789826431,31.0883228127138,0.644679711285784,31.1416346230586,6.85069675246061
"NCI-H358",0.190119385655042,9.61025611029208,0.513585637233383,0,9.61025611029208
"SNU-423",0.250289032043309,1.99608208370305,1.17599512586305,0,1.99608208370305
"DoTc2 4510",0.0802619996295325,6.38106556595245,2.58778180228143,0,6.38106556595245
"DSH1",0.126731748861222,5.07119465289596,1.53657753208296,0,5.07119465289596
"ESS-1",0.269482010212012,1.75044324322163,1.11009959658139,0,1.75044324322163
"HH [Human lymphoma]",0.030595130430084,10.142963896357,3.17454763684893,0,10.142963896357
"Karpas-1106P",0.224449938219927,2.3611717360095,1.30917584433563,0,2.3611717360095
"Karpas-620",0.238880445299093,2.98164742477527,0.863134916963863,26.5572589171451,1.23974417796436
"KATO III",0.477892534426836,0.064484494869892,2.84162468703812,41.7615962547127,0.0341872399862702
"MDA-MB-468",0.226704709634502,1.65628229826466,2.36703274123307,25.5376875378898,1.2245290359557
"MS-1 [Human lung carcinoma]",0.191339146189573,3.07377468708133,1.32971619133053,0,3.07377468708133
"NCI-H522",0.0867730714128328,12.7571020399757,0.969505148201053,0,12.7571020399757
"NCI-H929",0.298368324598078,1.14508036684871,1.93310462352192,9.90703996667553,1.02147014374117
"P31/FUJ",0.370739281623805,0.52095642902402,4,16.0877556187037,0.472767957720733
"Panc 03.27",0.170721217028571,12.2391465759829,0.523893873616007,0,12.2391465759829
"KTCTL-195",0.155862075821079,3.68212110091199,1.86368797575032,0,3.68212110091199
"WRO",0.123721471751431,4.76906659263776,1.90848366136892,0,4.76906659263776
"SCC-9",0.131182522733286,4.29273763848184,2.26784042973314,0,4.29273763848184
"SNU-C1",0.178579626394249,2.80057265403219,2.35287955054554,12.6902369513091,2.47290672322499
"HCT 116",0.270104880720976,1.63565979909862,1.39084871698325,0,1.63565979909862
"FLO-1",0.366551039856303,0.919908893859848,0.785434070813348,0,0.919908893859848
"JHH-7",0.21633087311701,2.12819834639929,2.2813037369812,9.3510262758019,1.94355063589453
"TT",0.456713323511196,0.557972298198626,0.340114018343431,0,0.557972298198626
"NCI-H2087",0.152092298706485,3.69449033673736,1.91655403702811,12.7167775495741,3.16994371535949
"SK-LMS-1",0.260699463072508,1.80197401190873,1.25283465009421,0,1.80197401190873
"COLO 684",0.0796602405367808,7.44776345923502,2.45868426952789,35.6266452281162,4.48561481442577
"CAL-72",0.122138388779192,4.50109618765959,2.60187374613879,0,4.50109618765959
"COLO 680N",0.070961692479581,7.09570843162451,2.44366434818739,0,7.09570843162451
"KYAE-1",0.0827136696303603,5.80133528185498,4,0,5.80133528185498
"LB831-BLC",0.199613352350689,2.46016462745968,1.99742954293954,11.1409389520293,2.16847728132416
"NCI-H1435",0.1963305251963,2.93986578380241,1.34002455890268,0,2.93986578380241
"ONS-76",0.130328236817039,4.42885627882064,2.03479110759086,0,4.42885627882064
"Panc 10.05",0.213085658168808,3.26008809782251,0.883143475829616,0,3.26008809782251
"SF539",0.340989976687039,0.96813538947979,1.47816232962474,0,0.96813538947979
"SK-N-AS",0.205144426352447,2.93615145509669,1.14272821049137,0,2.93615145509669
"SW1271",0.175274790634474,3.25410298218672,1.65186344747904,0,3.25410298218672
"AMO1",0.245169730207452,1.77043094649864,1.88026590870308,8.0398514788486,1.61282946608887
"BFTC-905",0.277581238768409,1.4372306072069,1.55332701879927,7.20982438873766,1.30014045032821
"BICR 22",0.290205084148956,0.748484411587283,4,28.4917131768164,0.606166196252147
"Capan-1",0.180783506587066,3.36749360901844,1.3232993217673,0,3.36749360901844
"DND-41",0.143831179026631,3.93183949267786,2.13308944145339,0,3.93183949267786
"EW-22",0.36481025862813,0.666827304716655,1.95428649473381,11.2927429901716,0.584957441746179
"HPAF-II",0.223224860612825,2.69082835973821,1.01122756908915,0,2.69082835973821
"IM-9",0.355602885451623,1.08579681784943,0.67717247731671,0,1.08579681784943
"Karpas-422",0.121536133605427,4.47524757987387,2.8072749889865,0,4.47524757987387
"NCI-H3122",0.216984136132836,2.04392993893243,2.34610968916375,13.1034442532331,1.79559916755377
"NCI-H441",0.0779327520517276,9.79218383806109,1.31323484482666,0,9.79218383806109
"NCI-H82",0.253059299411663,1.84759340439043,1.43167869627408,0,1.84759340439043
"OCI-AML-2",0.330894771212684,0.747808404450515,3.21167623830488,15.6723613572669,0.665175891343625
"Reh",0.252032613390423,1.05887302859469,4,29.4564481506262,0.847754821054316
"SaOS-2",0.179183616794695,3.24161353041241,1.50869914107401,0,3.24161353041241
"SBC-3",0.319980509989469,1.18014156183731,1.08502504810133,1.47443167746926,1.14803041037882
"SK-MEL-1",0.129268505364301,5.2319802550601,1.39042648595521,0,5.2319802550601
"SK-MEL-24",0.222943656083188,2.46670551104097,1.20381802767984,0,2.46670551104097
"SK-PN-DW",0.34540888258637,0.786287109734748,3.57874947331282,7.92950955465483,0.7492491005173
"SUP-T1",0.252726069339587,1.09330734802982,4,27.7368359031855,0.893092593507663
"A2780",0.444113113768848,0.379274604037306,1.1543399825779,13.2257364247809,0.290648006798689
"C-33 A",0.116189584284734,4.93868967569137,2.10428892785003,0,4.93868967569137
"Capan-2",0.202119751621171,2.75230731805398,1.38883896773464,2.94287590728879,2.63468145614946
"CCRF-CEM",0.527082821465965,0.210504954738571,3.38174520582389,6.73541404909394,0.201688415614802
"DB",0.169722293624204,3.35946997985373,1.73010431445931,0,3.35946997985373
"ECC10",0.273566189609959,0.906665513332959,4,27.2529282029796,0.744622183445989
"NCI-H2795",0.335919561864594,0.999129285618631,1.56185684440903,0,0.999129285618631
"NCI-H3118",0.248844007722476,1.78651297022117,1.90571318889257,3.1303444215652,1.7269209365958
"KP-N-YN",0.252521482376418,1.78617185118696,1.34811876431165,11.1845514871637,1.48031358457245
"LOX-IMVI",0.304442409416158,1.26883583269079,1.29921639070908,1.65203951523168,1.23644319343272
"MKN45",0.708464973874459,0.0141466513927445,2.38056197590576,25.7965579542036,0.0104302073535746
"SJNB-14",0.317865269454592,0.769141217358988,2.9181741684194,19.8147812972213,0.646992071115302
"NCI-H1299",0.192605987704306,2.89108856142032,1.45247522212319,25.7580870838059,1.75630997353589
"NCI-H1651",0.116669866450281,5.67856895386889,1.49065105948086,0,5.67856895386889
"Ramos.2G6.4C10",0.279231670128047,0.969577523639234,3.4250169326415,23.394996453033,0.806456568456036
"SH-4",0.138122617670268,3.97298954565202,2.6594698013102,0,3.97298954565202
"SNG-M",0.135861307359328,4.01950376737503,2.79401639349329,0,4.01950376737503
"SW1990",0.0334018490489155,NA,2.61642883484469,66.7016364738726,5.35380455877366
"T98G",0.219118126459974,2.27445266764859,1.78075317825489,1.3027382569299,2.24098193944454
"TE-8",0.302997339043774,1.28793388235859,1.31661716670428,0.721930293228579,1.27378516196919
"TK-10",0.0994178475452331,4.7154773889683,4,35.22909028614,3.47644190710641
"COR-L32",0.326679217178956,1.15289215823416,1.01566992772562,0,1.15289215823416
"VM-CUB-1",0.175516673547547,3.43380858249374,1.40293100952666,0,3.43380858249374
"EoL-1",0.955065336159212,1.02382106839817e-06,4,4.49346638407882,1e-06
"Karpas-299",0.279433022276954,1.31962244317194,2.11502101709755,9.28236218541589,1.19751542115279
"PSN1",0.137056705727178,4.08361569753672,2.31642169724834,0,4.08361569753672
"SNU-387",0.3262168119301,1.15723715582636,1.01508140527921,0,1.15723715582636
"EN",0.239066608085368,4.36864898313589,0.899259065111904,40.9740268848917,0.651001662758575
"GR-ST",0.267022333924792,1.76396447403089,1.14709641591858,0,1.76396447403089
"NCI-H1581",0.332791712934326,1.25335715568089,0.730376315443885,10.6278566894712,0.903612879851374
"OCUM-1",0.262667631288442,1.93185278113224,1.00308349211721,0,1.93185278113224
"SAS",0.278478967636978,1.57423640598308,1.24731329504111,0,1.57423640598308
"SCC-4",0.125989143973925,4.33162969630414,2.77836632500484,0,4.33162969630414
"VL51",0.248239460480201,1.99450003963624,1.23507636149649,0,1.99450003963624
"SW900",0.229865396134536,2.74970296252692,0.89802256895525,0,2.74970296252692
"TE-15",0.153549272710959,3.74814337144655,1.80118557339985,26.3440856346505,2.47378915634587
"LS180",0.101075181061475,5.75787749677295,1.97909723095289,0,5.75787749677295
"NCI-N87",0.140823555038098,4.48396240270476,1.51841626504492,0,4.48396240270476
"Fu97",0.22129243348599,2.46220349801459,1.25054767411386,0,2.46220349801459
"FU-OV-1",0.175651637917819,4.36775110671011,0.960225980504166,0,4.36775110671011
"EW-3",0.258348879943548,1.94080857095301,1.07243054777661,0,1.94080857095301
"UACC-62",0.205186140360108,2.74708304726321,1.32325315760216,0,2.74708304726321
"WIL2 NS",0.204442334076771,2.63894327427462,1.46966426729043,4.37847541744837,2.47941313230064
"A-673",0.405893850630886,0.497822854416196,3.88274703138469,7.91135407958745,0.476221302739432
"VMRC-RCZ",0.10019346299991,4.93359908351733,4,11.888347759233,4.6098394258135
"VCaP",0.147577965341529,4.43381910946691,1.37319604248994,0,4.43381910946691
"LS123",0.234439687744243,2.9896227221996,0.793058191699878,6.92507885179514,2.47728560993888
"PSN1.1",0.188840088278868,3.09780776496521,1.37340057645552,0,3.09780776496521
"CAL-72.1",0.100928052436273,5.1849149009893,3.08068913547036,0,5.1849149009893
"CGTH-W-1",0.489149439956568,0.348058343895371,0.610879892032029,0,0.348058343895371
"D283 Med",0.39363424868901,0.593456590105166,1.18050182571606,10.5804314330841,0.485198287543461
"HCC1395",0.265079444294502,1.48573989523161,2.08157067770417,8.74677077762663,1.35463737822442
"HO-1-N-1",0.304270958147495,1.19168234613886,1.48094356815906,6.22830652955237,1.08929898264343
"Karpas-299.1",0.230064138173016,2.08585795543307,1.72429010127095,3.07743410595735,2.01041148404083
"MLMA",0.0819472121418986,5.8356694972566,4,0,5.8356694972566
"SNU-16",0.621046389465045,0.090406514692355,1.34821010854687,11.6578207474052,0.0742478645811932
"PCI-30",0.11487755858346,NA,0.958413148145344,76.4646260262214,0.345542541959602
"RCM-1 [Human rectum adenocarcinoma]",0.118658282045713,5.73970647241707,1.41799912042671,0,5.73970647241707
"SK-N-AS.1",0.149386005950982,4.07283189441746,1.59786495221409,0,4.07283189441746
"SW1417",0.177961057855349,3.48769890619072,1.29334412829849,0,3.48769890619072
"A-375.3",0.246233517327995,2.04757628260804,1.19827643599083,0,2.04757628260804
"A-549.3",0.236143384504113,2.09021816851933,1.46211573322302,0,2.09021816851933
"A-549.4",0.217985455473232,2.38874141608326,1.49714639891453,0,2.38874141608326
"C32 [Human melanoma].2",0.123507916169313,4.30695032042989,3.77942633983727,0,4.30695032042989
"C32 [Human melanoma].3",0.129152551604551,4.12741322670437,4,0,4.12741322670437
"HCT 15.3",0.186068230129098,3.04710881878159,1.53400328566859,0.425734752114491,3.03017026199618
"HCT 15.4",0.224176133108898,1.36131492615886,4,30.5833535376819,1.07463173366975
"HCT 15.5",0.230714105194981,1.09453752639731,4,37.9382785763087,0.767079679974354
"HT-29.3",0.288347093931668,1.33106120363172,1.75406591629761,4.46121475708586,1.26199700183484
"HT-29.4",0.348851886108579,0.923279358869696,1.31868344629079,0.306398257238141,0.918985664400796
"HT-29.5",0.306428773535056,1.02859436807415,2.47407208790242,10.8639166423009,0.931624911060137
"MFM-223.3",0.297039359744092,1.94215435858949,0.643518069922412,0,1.94215435858949
"MFM-223.4",0.349527078952613,1.10250053956158,0.703267879237871,20.238165708159,0.527232997437811
"MFM-223.5",0.27118682650868,2.57406553136019,0.629229195091698,0,2.57406553136019
"MHH-ES-1.3",0.288527240946226,1.60315234652045,0.949092055989099,0,1.60315234652045
"MHH-ES-1.4",0.320732928610709,1.38639163189897,0.751353008826215,0,1.38639163189897
"MHH-ES-1.5",0.310482844651626,1.272794701215,1.10869718966049,0,1.272794701215
"PC-14.3",0.223214742790695,2.19543213417879,1.95763048313308,0,2.19543213417879
"PC-14.4",0.258616473334023,1.75581909859636,1.50338083890422,0,1.75581909859636
"PC-14.5",0.23206668064619,2.06912056539246,1.8679480153754,0,2.06912056539246
"SNU-C2B.3",0.108458486399607,8.20186686951685,1.07387565165513,0,8.20186686951685
"SNU-C2B.4",0.129989156690104,6.95069106276689,0.988368952292191,0,6.95069106276689
"SNU-C2B.5",0.154004700758184,6.27827880727286,0.852713899678484,0,6.27827880727286
"SW620.3",0.315580095040389,1.364551462274,0.835486382610322,0,1.364551462274
"SW620.4",0.306958062524217,1.33773548809493,1.03099129886192,0,1.33773548809493
"SW620.5",0.318982369690294,1.23942213325162,0.978866275239971,0,1.23942213325162
"U2OS.3",0.246257279290319,2.16855754556282,1.04633215276347,0,2.16855754556282
"U2OS.4",0.221583619850683,2.31740534833496,1.51361911451699,0,2.31740534833496
"U2OS.5",0.237943624458343,2.0937221198638,1.37371536059622,0,2.0937221198638
"EFM-19",0.11377744333898,4.95779305971948,2.23986732746835,0,4.95779305971948
"IST-MEL1",0.169785698292883,3.34848262664465,1.74900691756,0,3.34848262664465
"IST-SL2",0.136004920773221,4.29350020037129,1.918531445404,0,4.29350020037129
"NCI-H810",0.253758387640152,2.07826421153551,1.00541132012887,0,2.07826421153551
"SW1088",0.403904879492541,0.684739495237927,0.761943227263346,0,0.684739495237927
"SW1116",0.19474302962881,2.95196979708826,1.37170982356588,0,2.95196979708826
"SW837",0.184261290667506,3.43048380712192,1.20036922627548,0,3.43048380712192
"TC-YIK",0.39556988634215,0.563066645390802,4,6.08746741998007,0.545085239469241
"TE-9",0.270408300569677,1.73156867798694,1.12083242869408,0,1.73156867798694
"YAPC",0.20521898589858,3.01426939700309,1.08910272399971,0,3.01426939700309
"CAMA-1",0.111399306932748,8.58714812599063,1.00232273048256,0,8.58714812599063
"CGTH-W-1.1",0.414007888977599,0.59992208261096,0.968803690373236,0,0.59992208261096
"EB2",0.296549993489569,1.51435971479218,0.890855207695498,11.7306581628792,1.12171750921122
"HCC70",0.131021357178958,46.9478033161901,0.429799828111767,0,46.9478033161901
"KNS-62",0.0586239092604287,15.5785714479559,1.15790792118225,0,15.5785714479559
"NCI-H1755",0.388699283165614,0.688627368309139,1.55036199008602,0,0.688627368309139
"RPMI-6666",0.336198834316687,1.13155740344012,0.815158474809903,8.4988714009744,0.900367267402637
"SK-GT-4",0.0810203541849901,NA,4,76.9711755746315,0.880283444146868
"SK-OV-3",0.108235140012746,5.48487380829019,1.98951353905247,16.8506435616915,4.46117004302548
"ST486",0.427597268572751,0.410912348394517,2.29958968784876,10.2896050865171,0.371735948097525
"SU-DHL-6",0.350606225016827,0.880177912817399,2.82230089261171,0.514882010928544,0.876955698202649
"UM-UC-3",0.0849926261561453,5.51768255786032,4,21.6481727702126,4.78805878154279
"VMRC-LCD",0.27103714480869,1.03054698881512,2.44864942883937,28.4705862193352,0.730504758894888
"WSU-NHL",0.372109910448605,0.772332418429391,1.61306741586747,0,0.772332418429391
"YH-13",0.449915544345788,0.466118974215846,0.834308339621628,0,0.466118974215846
"WM115",0.117228751157645,4.49480060487254,3.99417067698707,0,4.49480060487254
"U266B1",0.071321879027747,6.56944411230887,3.19815253428162,0,6.56944411230887
"A-375.4",0.31846060344213,1.11513337034655,1.55503643040671,1.48478109986384,1.09372392181292
"A-375.5",0.31033809349117,1.2327445509763,1.27967085438673,0,1.2327445509763
"A-375.6",0.297165870886977,1.33536420669803,1.41378771622386,0,1.33536420669803
"A-549.5",0.320011151019448,1.07357809155702,2.33697735959617,1.70037891529093,1.05780069323484
"A-549.6",0.363497272938116,0.782237548926209,1.8235823396557,2.89529670090277,0.757064187170387
"A-549.7",0.309492064425791,1.05602282483756,4,6.31645205896037,1.02096365040679
"C32 [Human melanoma].4",0.248000731005495,1.81045800877624,2.65696081420009,0,1.81045800877624
"C32 [Human melanoma].5",0.265481361461701,1.40941544740819,3.08763724155108,9.6415332809495,1.31494461508434
"HT-29.6",0.30848854083832,0.996668967939802,3.54952245496649,10.0671128907854,0.935498745790325
"HT-29.7",0.321458084961661,1.16012418393412,1.15068641904477,0,1.16012418393412
"HT-29.8",0.358902705387855,0.902925213497797,1.00493645554437,0,0.902925213497797
"MFM-223.6",0.343367436301253,1.45893485544822,0.533448819982579,0,1.45893485544822
"MFM-223.7",0.451963518946504,0.491820051281647,0.568000663763642,0,0.491820051281647
"MFM-223.8",0.41023152311276,0.543724452875873,0.747196977441788,26.5259552397732,0.197648526400655
"MHH-ES-1.6",0.296975020317485,1.4441786522547,1.03656151376577,0,1.4441786522547
"MHH-ES-1.7",0.306423901480948,1.32395951784072,1.07807813402132,0,1.32395951784072
"MHH-ES-1.8",0.301944039220926,1.39353005399034,1.02663620544032,0,1.39353005399034
"PC-14.6",0.245541133434508,1.92891369156371,1.53086573742297,0,1.92891369156371
"PC-14.7",0.248404832507268,1.82450743666638,2.05524434768946,0,1.82450743666638
"PC-14.8",0.248002385642431,1.90668142263927,1.47767470930068,0,1.90668142263927
"SNU-C2B.6",0.216947467706996,7.72254281623953,0.477740680224293,0,7.72254281623953
"SNU-C2B.7",0.212296791639694,7.9212446295379,0.486399745540325,0,7.9212446295379
"SNU-C2B.8",0.197131697484035,5.36948035076974,0.665522834959159,0,5.36948035076974
"SW620.6",0.406058365957041,0.627001038746082,1.07546720576126,0,0.627001038746082
"SW620.7",0.404243491833688,0.629050341706145,1.17215685465411,0,0.629050341706145
"SW620.8",0.399336022854388,0.659246046362186,1.07009118402901,0,0.659246046362186
"U2OS.6",0.234082576235381,2.24844657117039,1.21022816998808,0,2.24844657117039
"U2OS.7",0.2354557032038,2.19381747272218,1.25647641151825,0,2.19381747272218
"U2OS.8",0.260298060421929,2.07536935034873,0.912903995928942,0,2.07536935034873
"Capan-2.1",0.26365271541664,1.80488353495393,1.13398388721183,2.37763131689577,1.72898082874286
"SK-OV-3.1",0.0898412567144028,5.93919007616177,2.46040037541024,0,5.93919007616177
"WM115.1",0.112502196546803,4.65430937457251,3.93069974546949,0,4.65430937457251
"YT",0.129835025483806,4.10839862307314,3.97197722377027,0,4.10839862307314
"VMRC-LCD.1",0.278856991685287,0.62994861025281,4,38.5070232396161,0.436185026813497
"UM-UC-3.1",0.11931068515721,4.91113379282363,1.96050046696542,0,4.91113379282363
"KNS-62.1",0.0849629786574214,8.66194190616172,1.35479778213037,0,8.66194190616172
"HCC70.1",0.129818743723832,NA,2.93593463686182,56.0076650236999,1.30364205277327
"CAMA-1.1",0.145688315580202,5.2706689742378,1.09690073722273,0,5.2706689742378
"TGBC1TKB",0.213105550305086,2.62889416184458,1.25466973779638,0,2.62889416184458
"OE33",0.475302692582527,0.424204195870763,0.38508345611668,0,0.424204195870763
"NCI-H2342",0.196368741332343,2.82513889377609,1.50464354964013,0,2.82513889377609
"KYM-1",0.287325873641791,1.57056403126009,1.01726454050767,0,1.57056403126009
"EW-24",0.300068435795148,1.70164292141354,0.728383920100793,0,1.70164292141354
"HuCC-T1",0.18698522830621,2.93672180322234,1.72343780833653,0,2.93672180322234
"MV4-11",0.961790519399841,1.02007298927101e-06,4,3.82094806001586,1e-06
"NCI-H1648",0.294676348223793,1.31786963596322,1.9886174414766,0,1.31786963596322
"NCI-H211",0.33313826625378,1.34842178710116,0.66263309674862,0,1.34842178710116
"Panc 02.03",0.368142754168181,0.982994580107532,0.663027647515904,0,0.982994580107532
"SK-MEL-2",0.072181813050172,6.30022760388036,4,0,6.30022760388036
"SK-MM-2",0.121169788231512,NA,4,70.1718149243733,0.604528723778001
"U-698-M",0.280351215912734,1.62289673490967,1.07903111196687,0,1.62289673490967
"NCI-H2085",0.212308476889426,2.64002440742924,1.26188031423584,0,2.64002440742924
"SNU-449",0.2521564215695,1.81347663736331,1.65909669424708,0,1.81347663736331
"SK-MEL-1.1",0.117195023369825,4.51517011084952,3.66921226548335,0,4.51517011084952
"HT-1376",0.0827953530899578,7.51148355333567,1.68340653873148,0,7.51148355333567
"Lu-139",0.183596664521631,3.00360752035241,1.75277416493386,0,3.00360752035241
"MDA-MB-415",0.138214853295116,3.98879419876215,2.55776151282615,0,3.98879419876215
"NCI-H2066",0.23864070584249,4.89658042579741,0.519630528797588,0,4.89658042579741
"SK-CO-1",0.405445182024756,0.468624334408673,2.07813445367805,12.4496796294501,0.40830477180841
"SW1463",0.226891551761898,2.39174418906761,1.19963953901323,0,2.39174418906761
"COR-L105",0.238046252822955,2.23496489061438,1.13488720815199,0,2.23496489061438
"EW-11",0.296264675119573,1.40972516359898,1.13564213832997,0,1.40972516359898
"NCI-H2029",0.199097334641012,5.35950719293949,0.656317937754119,0,5.35950719293949
"SW48",0.506727498564614,0.206887446845074,1.78463168134289,13.662706356136,0.173006050469412
"ZR-75-30",0.0340873700175321,8.94128936542911,4,0,8.94128936542911
"ME-180",0.174125076674335,3.65161919011373,1.2623650305419,0,3.65161919011373
"MSTO-211H",0.152526833914701,3.45588522892814,4,2.18375931712581,3.41751687036954
"NCI-H835",0.374284298674526,0.794782620634473,1.06135769098623,0,0.794782620634473
"SW872",0.132654158696314,4.19916726950512,2.40601217105184,0,4.19916726950512
"HCC78",0.502043235619691,0.309899574345315,0.490160701723014,0,0.309899574345315
"HuCC-T1.1",0.201114416405551,2.89056263661833,1.2677861407408,0,2.89056263661833
"Ca Ski",0.210692851516536,2.8188319570956,1.12779432873342,0,2.8188319570956
"CCK-81",0.140629253052712,3.95823144866929,2.36855321763169,0,3.95823144866929
"COR-L88",0.105650651913219,6.35097725824932,1.49022466403842,0,6.35097725824932
"CS-1 [Human chondrosarcoma]",0.406509352296366,0.816109745192595,0.488570613729385,0,0.816109745192595
"G-292 clone A141B1",0.29819375494148,1.35955929046353,1.23476466049568,0,1.35955929046353
"K-562",0.421343835125774,0.420079777765181,2.29805413980568,11.3163151632441,0.375696917409715
"KYSE-270",0.135976405538903,4.19283014031596,2.11260578197811,0,4.19283014031596
"NCI-H524",0.39172919578073,0.541397740983106,4,8.71446951143512,0.516087577579234
"U266B1.1",0.0671353242974125,9.4806310918951,1.5879687060546,0,9.4806310918951
"Ca9-22",0.138773788704831,3.6553405804532,4,10.1197724119928,3.45441693270251
"HCC1599",0.174985139868531,3.5566301563781,1.32490137352477,11.6702608624323,2.91012815710418
"KYSE-450",0.238173986899024,2.30923738200217,1.05164456750323,2.38572292750172,2.20433947878956
"MFH-ino",0.10243382787819,7.12020038155866,1.3362680597665,0,7.12020038155866
"TGBC11TKB",0.175285954165402,3.81516267097775,1.15005070887161,0,3.81516267097776
"UACC-893",0.061580275592655,6.87292884352373,4,0,6.87292884352373
"MeWo",0.161736106158624,3.64452071519111,1.63250956412032,0,3.64452071519111
"UACC-812",0.0717619681429802,6.3214316189741,4,0,6.3214316189741
"8305C",0.242232806623298,2.22205294483358,1.06605098615747,0,2.22205294483358
"Caov-4",0.244106463321418,4.07690477440445,0.557226040904379,0,4.07690477440445
"CAL-148",0.317974241637589,0.579909729505543,4,28.0731214619786,0.471913169141897
"SJNB-12",0.412003833662855,0.603768398925428,1.02727608422709,0,0.603768398925428
"SHP-77",0.15558520542995,4.08512744016316,1.39937907135479,0,4.08512744016316
"SK-N-SH",0.355336992605852,0.944816933369556,0.940624880425681,0,0.944816933369556
"T84",0.307555589451784,0.67540374276112,3.1918017561487,28.0663033060762,0.521729680636811
"KYSE-70",0.09449559582913,5.10265705000583,4,17.5653659751515,4.57937416557062
"BT-549",0.088454370953714,6.74670516246237,1.82599342092271,0,6.74670516246237
"Hs 578T",0.312195386835274,1.21646557896556,1.27663253481032,0,1.21646557896556
"NCI-H345",0.129169777456165,4.57771208426436,1.87529180419686,0,4.57771208426436
"NCI-H526",0.17449845642196,NA,4,52.8098879090954,0.777599229801959
"SK-N-FI",0.31361848826272,1.32915180230563,0.913844225104147,0,1.32915180230563
"Hs 766T",0.24475014101285,2.00578353170762,1.2094803592181,10.2862601700933,1.65798183580915
"SJSA-1",0.171605338893907,3.33728703822311,1.67656454843657,0,3.33728703822311
"KYSE-450.1",0.233699264895284,2.53856154137747,0.963576791483849,6.48900246198799,2.19752947682799
"BT-549.1",0.110156017060398,5.18646218735524,2.12354704448242,0,5.18646218735524
"UACC-812.1",0.095750336361794,5.32302798681964,3.4628065718271,0,5.32302798681964
"MFH-ino.1",0.151551978590332,5.06271199229995,1.0714613621785,0,5.06271199229995
"HSC-39",0.703164752574447,0.0533809798991269,2.60252592499195,8.30504998038199,0.0497823060201578
"NCI-H1703",0.50096426980731,0.156074756548654,0.708425997231365,35.4323108800789,0.0273728210911917
"SW1783",0.245260582949361,2.11480532929187,1.12534057281223,0,2.11480532929187
"KGN",0.343302627144537,0.830834013150861,2.12063075262178,7.68028822536401,0.767998915833675
"MeWo.1",0.226352549139525,3.50791926779472,0.719284037346621,0,3.50791926779472
"8305C.1",0.15218264809679,3.7261617150055,2.01142058982962,0,3.7261617150055
"KYSE-70.1",0.0848483874238032,1714.73267483087,0.29258619853709,0,1714.73267483087
"SHP-77.1",0.202256058940015,2.84012517229164,1.29253625810547,0,2.84012517229164
"SKG-IIIa",0.210192118385968,2.61575303889051,1.35462580609059,0,2.61575303889051
"SK-N-FI.1",0.321018227884893,0.672781206961356,2.56452093813639,25.5394850815327,0.509092721174935
"NCI-H64",NA,NA,NA,NA,NA
"NCI-H526.1",0.130120152638021,NA,4,69.4069643551676,0.529809795936468
"Fu97.1",0.209126189250698,3.06916330973203,1.00213348453339,0,3.06916330973203
"Hs 578T.1",0.250586462722506,1.98798736460727,1.18149651061349,0,1.98798736460727
"A-375.7",0.328326277188725,1.07805991988588,1.29313203309975,0,1.07805991988588
"A-375.8",0.327189036106581,1.11405375355382,1.13797810743818,0,1.11405375355382
"A-375.9",0.318282583874286,0.999586244323663,2.0569709676008,8.11460204302317,0.917131532636554
"A-549.8",0.289642211645892,1.22368720204333,1.86769188280049,10.483220095577,1.07883903576048
"A-549.9",0.30187581759507,0.967746930700019,4,13.6668831589754,0.893500840491275
"A-549.10",0.281649631830818,1.28176899348362,2.07736593410252,10.4541138161097,1.14491258415435
"C32 [Human melanoma].6",0.250735497597336,1.85162370775305,1.55033757652373,0,1.85162370775305
"C32 [Human melanoma].7",0.23883016855009,1.86290065196575,2.46814382887497,4.18301852679127,1.79811054719424
"C32 [Human melanoma].8",0.26140261469856,1.84859713070407,1.1393191566626,0,1.84859713070407
"HCT 15.6",0.255359282473687,1.7424557871048,1.51126333081453,5.21090988482377,1.62007111784734
"HCT 15.7",0.240395729999613,1.74103040395414,2.10812736515085,12.0371189760502,1.5278066570394
"HCT 15.8",0.244233740563629,1.7641926277793,1.80530996849328,10.4040809317366,1.55032557511759
"HT-29.9",0.302582864650952,1.02868830473978,2.18769420439749,13.7728958186023,0.887806995148187
"HT-29.10",0.273802717375933,1.34760693117076,2.24747589322475,10.4924768434185,1.21352818181758
"MHH-ES-1.9",0.317252495689471,1.00164797334153,1.63502082827345,11.1051125522263,0.859017295933007
"MHH-ES-1.10",0.335002746412625,0.821444468303314,1.74148548014726,14.142520326895,0.678681631095367
"MHH-ES-1.11",0.318378632378343,0.851152769636809,2.43293085692008,16.2589083117348,0.724101845708726
"PC-14.9",0.214650556419879,2.29699938846264,2.00176859805331,2.55538767053124,2.23758423339155
"PC-14.10",0.212107299813875,2.37776371140792,1.85215442565638,1.69018424703507,2.3340239905059
"PC-14.11",0.201389995124233,2.48298449487566,2.32246301470021,3.22336828588259,2.41275177061772
"SNU-C2B.9",0.216273032902732,3.50105499463144,0.792001089285717,0,3.50105499463144
"SNU-C2B.10",0.420901574608725,0.888223362267297,0.344293255739876,0,0.888223362267297
"SW620.9",0.332821358946294,1.0494162509906,1.2461161512882,0,1.0494162509906
"SW620.10",0.319697539776267,1.00249194540851,1.89663573134214,7.80179255799945,0.916716960168857
"U2OS.9",0.204486467653343,2.41991761232487,2.29608842810439,3.84239858746024,2.33709444036995
"U2OS.10",0.19838200560229,2.7063806194947,1.6753149547638,0,2.7063806194947
"MFM-223.9",0.406801849614886,0.526295513873692,0.925981953912833,18.1773596201027,0.323079940775767
"MFM-223.10",0.372557456329163,0.568557950240837,1.39583685819358,21.1929414169161,0.383013245463217
"Mono-Mac-6",0.880027325144206,1.07099833303006e-06,4,11.9972674855794,1e-06
"NCI-H2009",0.323034066411613,1.28555155615558,0.831140429305821,0,1.28555155615558
"NCI-H2009.1",0.271730116763501,1.81114157172556,0.981859405515819,0,1.81114157172556
"NCI-H727",0.250763984760193,2.1228393137604,1.01299521923257,0,2.1228393137604
"NCI-H727.1",0.239642840582053,2.20850570263773,1.13185504543288,0,2.20850570263773
"NTERA-2",0.336136395136058,0.849284700928147,1.93791946847533,10.2948001753624,0.754029428741782
"NTERA-2.1",0.374772626839966,0.824791832305182,0.891441392651154,0,0.824791832305182
"A101D",0.302421473481404,1.3781191323004,1.04858061111744,0,1.3781191323004
"A3/Kawakami",0.373359530799887,0.735491145861313,1.18941338095003,6.0552203998111,0.659846153500081
"ARH-77",0.310177265468822,1.44395015838717,0.818562421119024,0,1.44395015838717
"AsPC-1",0.213524888340789,22.5210092444109,0.334744565153011,0,22.5210092444109
"BALL-1",0.340006786561898,0.864876456255356,1.38719360166721,11.4097107146906,0.717564382183162
"BB49-HNC",0.454767855958836,0.456826775539313,0.730320559964452,0,0.456826775539313
"SK-N-BE(2)-M17",0.253016980063332,1.74148038491903,1.44786899054593,10.4266139794007,1.48173120641823
"BT-474",0.0444404391298882,16.3362536803839,1.35277766089866,0,16.3362536803839
"CA46",0.280721507253529,0.776852178202053,2.71898169996534,35.6998905967866,0.490229371745137
"CAL-51",0.210678087244069,2.94299959617904,1.04624297272589,0,2.94299959617904
"DBTRG-05MG",0.126690172641803,14.6848604765882,0.873597826935016,33.5917274228941,4.10152568683522
"DMS 53",0.236861063039852,2.22263803462806,1.17697787880584,0,2.22263803462806
"EC-GI-10",0.194764540004701,3.27370105658237,1.10765023240662,0,3.27370105658237
"ESO-51",0.777350551862359,0.0231062558869379,4,12.4108156782487,0.0215155673651697
"NCI-H2591",0.091866316295626,18.2542991840393,1.04244495457503,34.8701546855869,5.79918750277152
"HSC-3",0.231943721865807,2.22973794705639,1.30077065386506,0,2.22973794705639
"HuO-3N1",0.151364414676802,6.11132457519714,0.893160540581998,0,6.11132457519714
"IGR-1",0.117484470797808,4.60685647178783,2.85276425571997,0,4.60685647178783
"IM95",0.198841787196538,3.87813131762057,1.24397232569892,40.0652972199745,1.05791284699421
"SiMa",0.249871610419184,1.97702922473291,1.22009526256306,0,1.97702922473291
"HEY",0.179780781598418,4.14737266191911,0.971719022029961,0,4.14737266191911
"697",0.554253488246407,0.171239720094752,4,6.69909182599729,0.165190953309063
"A-375.10",0.304664793874756,1.25863607699588,1.39086140421195,0.862520272937126,1.24298750051735
"A-549.11",0.317057245044848,0.933132057075401,3.53322402830218,10.0842147197263,0.875499373931027
"A-549.12",0.339796266734988,0.989331769520107,1.31414640437542,0,0.989331769520107
"C32 [Human melanoma].9",0.288340800245938,1.35380407260617,2.3886558894039,0.983969086987462,1.34258603562024
"C32 [Human melanoma].10",0.295224270692728,1.25378023171964,2.84918841509841,2.77293534157514,1.22892261871983
"C32 [Human melanoma].11",0.274110827051872,1.49867298775273,1.81931034693535,2.56033543595512,1.45599220808128
"MFM-223.11",0.380393193124481,0.576568915024606,1.00872397799482,28.6174921400914,0.248387879943442
"MFM-223.12",0.375077320782779,1.09692098582135,0.515085694682713,8.19844456692832,0.774775856097447
"MFM-223.13",0.44617057953374,0.416035182305477,0.697189036335957,18.050654858442,0.218847253030882
"MHH-ES-1.12",0.305115783213546,1.1499902219733,1.23037354384075,16.2234899779262,0.836057234462322
"MHH-ES-1.13",0.274078522233695,1.38399837662894,1.63552651629864,13.3352547130662,1.14488993799411
"PC-14.12",0.280733759279709,1.38931855371357,1.86435621123289,5.11348081755405,1.31120419912598
"PC-14.13",0.244099888645922,1.91682300436242,1.70310868973608,0,1.91682300436242
"PC-14.14",0.281362390794238,1.58297964048936,1.13331758871075,0,1.58297964048936
"SW620.11",0.341192299779516,1.01555500521228,1.07675743828231,0,1.01555500521228
"SW620.12",0.353352914153383,0.888961744809833,1.25965730422608,1.44163037333796,0.868552900612638
"SW620.13",0.370780962151648,0.823695151469323,1.01273363687267,0,0.823695151469323
"SNU-C2B.11",0.127715881200095,5.7795541458439,1.2312865909881,0,5.7795541458439
"SNU-C2B.12",0.151020593263593,5.08918288032699,1.07176015703741,0,5.08918288032699
"SNU-C2B.13",0.155772609643417,7.00150230641775,0.775838508294092,0,7.00150230641775
"U2OS.11",0.200832894847987,2.61216912190747,1.7757718596034,1.34611974108929,2.57233019968153
"U2OS.12",0.2060887133473,2.3651184025494,2.01282642385237,8.62974594231421,2.15265356692414
"U2OS.13",0.215220959269202,2.24237380129042,1.86996750817345,7.84734893581703,2.04671574190364
"HCT 15.9",0.25210316487859,1.85948347510595,1.23391647960213,11.357852987906,1.50903174551809
"HCT 15.10",0.20311302508708,2.455947525421,1.72421531862262,13.780604727626,2.03707031017762
"HCT 15.11",0.260759237396165,1.75588536168228,1.22795334273811,7.7795437535627,1.52997226523748
"HT-29.11",0.302796196649603,1.14060494862574,1.5468688846657,10.8474841508508,0.973808938134141
"HT-29.12",0.279564665505692,1.20692337761986,2.85148546741598,13.0728510762243,1.08522507435483
"A-375.11",0.318800647253648,1.06322815426537,1.73165403528627,4.54205511120971,1.00633289784705
"A-375.12",0.29875355913804,1.3489134113856,1.25530258080742,0,1.3489134113856
"786-O",0.207408233857113,2.58789260570014,1.50899946753945,0,2.58789260570014
"ALL-PO",0.55710023275568,0.178239581639585,0.640192855975722,4.44246637746527,0.154128468295665
"ASH-3",0.196567755711427,2.84682388814366,1.45977332132315,0,2.84682388814366
"ATN-1",0.320405365144432,0.745664971052484,2.25413077684567,22.803161960419,0.56914783415368
"BICR 10",0.294742857240754,1.39000516412072,1.25556052465563,0,1.39000516412072
"CAL-27",0.239368251911441,2.26725645471097,1.07424943845654,0,2.26725645471097
"CAS-1",0.350337451978056,0.920198581509785,1.27516653498134,0,0.920198581509785
"CHSA8926",0.566920583888069,0.175126537243813,0.613043710642006,0,0.175126537243813
"CTV-1",0.38630555220086,0.630596235498553,4,4.21398733210919,0.616867768347412
"ES-2",0.225097129520361,2.48987856442741,1.1326262552512,0,2.48987856442741
"FaDu",0.167729897481694,3.84244021191562,1.4099651477094,27.030034969634,2.21319596659042
"GOTO",0.238242643611374,2.19526759436513,1.18058592787737,0,2.19526759436513
"H9",0.212574680114297,2.87652576925908,1.22806091346805,33.9083770665523,1.14270798009523
"HeLa",0.276104704709819,1.42872453398721,1.86812787662775,5.75303088460306,1.33823246912413
"HuH-1",0.285334226592171,1.11120313112371,1.88605928215464,20.69625496482,0.837068122680777
"J82",0.105652153110415,4.68828896379552,4,13.8825320651894,4.32216353081728
"NCI-H716",0.597277041104466,0.0590435018258887,1.22664500088654,25.6500608311436,0.0328424009234408
"BT-20",0.138199555312,118.421089428172,0.379027876281745,19.3410133478049,32.5848628288625
"CL-40",0.393734903089853,0.726408361818947,0.823852674428425,0,0.726408361818947
"COLO 792",0.445310924370665,0.505999274828951,0.646353366816774,0,0.505999274828951
"HCC1419",0.00565529760292565,15.5938178880596,4,0,15.5938178880596
"HCC1428",0.141165403188378,5.19342231538225,1.18275169105894,0,5.19342231538225
"HCC1937",0.159670199378116,4.52777627410308,1.11244382923469,0,4.52777627410308
"HCC2998",0.146323575000635,3.9476007809444,1.91645179227333,0,3.9476007809444
"HuP-T3",0.179948544786754,4.67130635263065,0.858715020594909,0,4.67130635263065
"IGROV-1",0.434186312253883,0.542469093701133,0.71875,6.93889390390723e-16,0.542469093701133
"KLE",0.16642729357537,2.94039404417574,2.24269597238866,34.4926655282424,1.74461433891594
"KY821",0.289771482870936,1.58286771434996,0.954308784130302,0,1.58286771434996
"KYSE-150",0.206971139493271,2.72542797900503,1.30040946336355,0,2.72542797900503
"MCF-7",0.205433950421923,2.81433223926936,1.24090263385445,0,2.81433223926936
"SNU-C5",0.152086205998423,3.83458134743566,1.79302442651211,0,3.83458134743566
"HT-1080",0.0918253073157818,17.3296138300809,0.784624694476625,0,17.3296138300809
"SAT [Human HNSCC]",0.208658338316189,2.67290444834457,1.32007547379283,0,2.67290444834457
"HT-55",0.263139107083348,1.50413912512625,2.12675258618166,8.73191326801891,1.37433983810332
"COLO 205",0.367172082563222,0.611649729824356,3.61613800373583,11.5305454810944,0.568876277633629
"42-MG-BA",0.498515946590151,0.32064314616798,0.568212638354776,0,0.32064314616798
"Caov-4.1",0.221699421978002,2.95982465442285,0.899946844943073,0,2.95982465442285
"MDA-MB-175-VII",0.156733547351453,3.7937545094902,1.63887456165095,0,3.7937545094902
"NCC-IT",0.204546027362507,2.62969156072067,1.54588851795275,0,2.62969156072067
"NCI-H1869",0.160448580471164,5.01492980115078,0.978597772611039,0,5.01492980115078
"NCI-H2029.1",0.142865627644884,4.44698940921406,1.48598944705042,0,4.44698940921406
"NCI-H69",0.322247150424164,0.78841910751385,4,15.4564822647765,0.718797040510817
"NCI-H847",0.377661266000162,0.691482139604409,3.6524471867306,2.96290438832693,0.680013412908236
"OVKATE",0.208974399896051,2.8926238956403,1.28379808613501,34.8675228019759,1.14018696436336
"MDA-MB-175-VII.1",0.0831088480889464,5.93400059015272,3.24134603165699,0,5.93400059015272
"NCI-H69.1",0.296247792087831,0.906316727520164,4,18.75,0.805842187761482
"NCI-H847.1",0.367058547466575,0.729756742415905,4,3.88589101552748,0.715144940696008
"CHP-212",0.473868761406905,0.295481155524995,2.03093342624753,9.80335430446119,0.265375911303473
"COR-L23",0.272984659624108,1.74093514685893,1.04803773675562,0,1.74093514685893
"ES4",0.167861345898971,3.51765018932923,1.55986130886549,0,3.51765018932923
"HCC1954",0.115080750843977,5.50981048834171,1.62132294371558,0,5.50981048834171
"HOP-92",0.263564762926946,2.25359202523387,0.779819391270287,0,2.25359202523387
"KMS-12-BM",0.257319587846579,2.06858149761397,0.959039786407643,0,2.06858149761397
"LC-1/sq",0.0539019391153926,7.34610190990521,4,0,7.34610190990521
"LS411N",0.308869328484917,1.17590402102213,1.45209188028094,4.30061239317955,1.10528177777648
"NB(TU)1",0.423223186940454,0.55756081445365,0.999501681789662,0,0.55756081445365
"NCI-H1341",0.369620977093846,1.04846960842197,0.580509015019983,5.93618347612003,0.843343545587927
"NCI-H747",0.202787685832276,2.88804328908872,1.23076604811174,0,2.88804328908872
"P12-Ichikawa",0.467273304446657,0.378869649963041,4,1.64382976892183,0.375716519109856
"WSU-DLCL2",0.204151198335158,2.58213327859733,1.69917456266637,0,2.58213327859733
"Hs 633.T",0.291450031161928,1.35220623770198,1.87694868455179,0,1.35220623770198
"ES1",0.369285439635355,0.691786820137883,2.13028691660441,7.0230124545276,0.644340443050596
"MOG-G-CCM",0.269934848705521,1.66415107194002,1.29482680518067,0,1.66415107194002
"MOG-G-UVW",0.494027033408973,0.331391574239085,0.812063183885712,0,0.331391574239085
"OC 314",0.234668962467147,2.16478687583575,1.33549806760189,0,2.16478687583575
"ES1.1",0.369107190015535,0.61896044964433,2.04924556911087,12.9916809323655,0.534438399722232
"Hs 633.T.1",0.308736976313432,1.18903393176613,2.31903435848856,0,1.18903393176613
"MOG-G-CCM.1",0.248704794776934,1.91038011006042,1.42794009777807,0,1.91038011006042
"MOG-G-UVW.1",0.482040726649801,0.361201543751022,0.982141020916803,0,0.361201543751022
"NCI-H2452",0.306345445796353,0.996566004577254,1.754399765058,16.9814746716523,0.786657789277176
"OC 314.1",0.276064355144452,1.55207380143936,1.45455406414177,0,1.55207380143936
"WSU-DLCL2.1",0.228091505846267,2.20523712811966,1.51301483365028,0,2.20523712811966
"BPH-1",0.408391686213954,0.609604225229482,1.18949468323904,0,0.609604225229482
"A-172",0.297564215479167,1.19481300348833,2.00311166906299,6.66167640867384,1.11249796263336
"CADO-ES1",0.377192318809523,0.625062843673278,2.857411894098,8.0758198007217,0.587691359668347
"CAL-78",0.453159415790927,0.439032993110652,1.46392061323186,0,0.439032993110652
"COLO 678",0.243624681922226,2.81484018157451,0.751415678234163,0,2.81484018157451
"Daoy",0.192690739455862,3.27630892892993,1.14108827677864,0,3.27630892892993
"Daudi",0.320444121611963,0.947279588881238,2.54884316600543,9.18043976095337,0.87480814754198
"DG-75",0.26468554510805,1.8380180301638,1.08052434984176,0,1.8380180301638
"EBC-1",0.93344784279601,0.0122518580902945,1.99026353251463,0,0.0122518580902945
"EM-2",0.548084467205861,0.187008671725207,1.81068053857814,6.64234460803339,0.172851588947575
"Evsa-T",0.254709089915245,1.84443081655904,1.36495044038549,0,1.84443081655904
"G-402",0.522457725713808,0.256652302271281,0.553719155932602,0,0.256652302271281
"HGC-27",0.356486892154655,0.746369591162278,4,6.34035266724388,0.721491953037607
"IMR-5",0.412373233866763,0.498813570974275,4,5.99629114622701,0.483134532443672
"JHH-1",0.0595215070433975,7.67698822085389,4,40.1409616721016,5.11572289540621
"JHH-6",0.249693998925157,2.63128242153854,0.7583068051364,0,2.63128242153854
"KE-37",0.461588475526964,0.412423799981616,3.24491472124292,0,0.412423799981616
"KMRC-20",0.23691636653329,2.03846531796824,1.61060656245992,0,2.03846531796824
"KYSE-140",0.154566347146834,4.02983290183138,1.46962331255467,0,4.02983290183138
"T.T",0.202276462033305,2.41885985633087,3.78435038616605,2.61045579263359,2.38482811009584
"T.T.1",0.235006130345718,1.90810663447979,3.09145487558584,3.4642524111692,1.86429959416571
"RMG-I",0.142942236485533,4.02805043202331,1.97231937339713,0,4.02805043202331
"ES6",0.191399976884106,2.8707274946265,1.63989038275714,0,2.8707274946265
"ES6.1",0.239268219504841,2.24423102182477,1.09949793666938,0,2.24423102182477
"23132/87",0.178363400037219,3.30943204317329,1.45042429924858,0,3.30943204317329
"8-MG-BA",0.304813692603285,1.05374045142512,1.78186860053574,13.503069285144,0.883097730162049
"A-498",0.167358873738177,3.59248489048393,1.48882678111947,0,3.59248489048393
"AGS",0.331088375657795,1.11599818950971,1.01035708834611,0,1.11599818950971
"AU565",0.243566237238525,2.91090155942645,0.727060111816971,0,2.91090155942645
"CAL-120",0.289722472063214,1.46101729784061,1.19586600721892,0,1.46101729784061
"DEL",0.511624697513975,0.236959816455634,3.10635542977193,6.73206434649361,0.226181382575263
"Detroit 562",0.374744811934806,0.606515275643356,2.74605390571806,10.3462785028324,0.557411623028127
"DiFi",0.297759995608918,0.451503431510818,4,42.3339163186301,0.282528291484207
"EFM-192A",0.0994480398485905,10.9071577358731,0.948451534715772,0,10.9071577358731
"G-401",0.4525226735255,0.39999881714666,1.29048036545346,5.77252629890151,0.363725211609969
"GP5d",0.315867729657941,1.27640786286146,0.966165648082959,0,1.27640786286146
"NCI-H513",0.109685216304739,14.3109032546983,0.744591764529839,0,14.3109032546983
"Jurkat",0.128965059246581,4.23388999820558,2.78619262063508,0,4.23388999820558
"LN-18",0.220087634775322,2.43418818938407,1.32599058482512,0,2.43418818938407
"NCI-H2052",0.188814396081943,2.97093124061879,1.54334789402902,1.11864548020155,2.92769223911109
"HO-1-u-1",0.262677481198839,1.11830824893896,4,22.458399403034,0.963421471943847
"PC-3 [Human lung carcinoma]",0.233905593426195,2.13059389974408,1.44928078735149,0,2.13059389974408
"PC-3 [Human lung carcinoma].1",0.24615489694185,2.07243103661667,1.16213805143062,0,2.07243103661667
"PC-3 [Human lung carcinoma].2",0.193235817948688,3.0303768571987,1.32456644715588,0,3.0303768571987
"SW948",0.340720706924464,0.589801282012184,4,20.5753165118647,0.51658425020658
"SW948.1",0.347761962474642,0.564174129220936,3.67096914774653,20.4039452021306,0.489075710033799
"CESS",0.0166251330451544,11.4440343049035,4,0,11.4440343049035
"GDM-1",0.601439270862572,0.0603253204971338,0.723059980318051,23.555207773996,0.0249987033697389
"HPAC",0.333911976377801,1.36591027794465,0.644559212802337,0,1.36591027794465
"HT-3",0.0624720023870482,11.5177884209872,1.38979976978378,0,11.5177884209872
"JSC-1",0.113789562742569,4.78767831689402,2.66280609793175,0,4.78767831689402
"JURL-MK1",0.67521380779515,0.0771929282235165,2.07336533158605,4.94785803433395,0.0734092681091004
"KM12",0.613855568964296,0.0525362330260052,0.664421094618181,22.2712288163021,0.0216322572263799
"LB996-RCC",0.376324210984093,0.805814520354395,0.929228278423011,0,0.805814520354395
"LN-229",0.119249356756981,22.843081380904,0.573407468011547,0,22.843081380904
"MOLT-16",0.452179083789866,0.240465111924917,4,18.780473396184,0.213754936190485
"NCI-H1623",0.211814422600986,2.44358429333245,1.42170130822646,15.982835714907,1.86367928838868
"SNU-5",0.629168910632346,0.0150206004517972,1.90281390772622,34.527125268491,0.00810921914306711
"SiSo",0.206002143498177,3.56159809032766,0.863752838169068,0,3.56159809032766
"SUP-M2",0.436635295403592,0.453139465728304,1.63708866015432,4.29150261537573,0.428968662019531
"SW780",0.232619839498025,3.6343715262521,0.661518856647013,0,3.6343715262521
"TUR",0.0744876462503241,6.18569597046792,4,0,6.18569597046792
"VA-ES-BJ",0.199596958705265,3.37299205224514,0.992377227869844,0,3.37299205224514
"WM278",0.332344271532081,1.04988471658069,1.26948208710106,0,1.04988471658069
"WM793",0.181456078260438,3.10834931106752,1.63155597855121,0,3.10834931106752
"Panc 04.03",0.128253687045432,NA,1.89065210016738,80.7308388172511,0.100112092773653
"Panc 04.03.1",0.171417167363245,6.13759819399087,0.74617452485452,0,6.13759819399087
"KMRC-1",0.125492156401217,4.01071085817142,4,12.4393776145554,3.73389454083702
"KMRC-1.1",0.0718749157046272,NA,4,69.6079111737569,1.95314927452101
"COR-L279",0.280264644579978,1.6878483209098,0.95953497471908,5.21683780410567,1.50473506221422
"COR-L279.1",0.237522083579285,0.984019800532755,3.46913013455193,45.125517076222,0.502995808999174
"B-CPAP",0.299829737317126,1.20214434799619,2.16609786628554,4.31584805124741,1.15307488236815
"CAL-29",0.105352034766057,5.11583999493284,2.67706885865271,0,5.11583999493284
"C-4-I",0.281045318029459,1.06506705710801,3.30737986997793,18.3707638008129,0.927351475702356
"EGI-1",0.128529439254187,7.09386750513185,0.985677469575482,0,7.09386750513185
"GB-1",0.208209623411972,2.82054112324237,1.17441758463845,0,2.82054112324237
"HC-1",0.103079842158826,9.0383228985986,1.04886097333054,0,9.0383228985986
"HCC1806",0.184545065329317,2.9123095656814,1.86285628604204,3.3706247297556,2.80521792272818
"Hs 746.T",0.553577699720081,0.12320981593738,0.241169716558916,0,0.12320981593738
"HT-144",0.328071597550989,1.0559932161171,1.19238028417477,4.70140341902881,0.972064398890759
"HuO9",0.447836866176558,0.4659999198441,0.966261197321307,0,0.4659999198441
"KCL-22",0.408840254666061,0.379574540623435,4,16.1789005272145,0.344232209510938
"KOPN-8",0.372774197365028,0.621367857011312,2.8200080589158,9.85691518250913,0.574822209183046
"KYSE-180",0.190000934052556,3.04992235338777,1.39510793517909,0,3.04992235338777
"LXF 289",0.360517104584449,0.677551431513041,2.71766932693336,10.3372966139283,0.62219967981621
"NCI-H1838",0.0874914328097221,7.94363898983117,1.44485995275915,0,7.94363898983117
"SNU-175",0.428496640146783,0.403906567339894,3.07572596280479,9.7576803479084,0.376379285571914
"NCI-H1155",0.251593857467009,1.04646980456106,4,30.1588345520761,0.830569530656241
"NCI-H1944",0.211529296791979,2.65704616276602,1.26178144657055,0,2.65704616276602
"Rh30",0.312468244097672,1.20188290795405,1.35455982077859,0,1.20188290795405
"5637",0.295007925797765,1.4287109164909,1.12152835503568,0,1.4287109164909
"8505C",0.171966156959089,3.35468191651175,1.62967182995197,0,3.35468191651175
"A-253",0.1520734305581,6.66205625830618,0.829335606118277,0,6.66205625830618
"CAL-78.1",0.370761832337197,0.812126587159081,1.08844380275074,0,0.812126587159081
"DU4475",0.309970790278437,1.03089066125055,4,7.40476262583579,0.99039939191102
"ESO-26",0.140113456995815,4.98421760617042,1.27116403449725,0,4.98421760617042
"NCI-H2373",0.271328290162742,1.79313709169357,1.0099785382662,0,1.79313709169357
"NCI-H2722",0.155720059774105,33.0666798738501,0.411047908978658,0,33.0666798738501
"HCC2157",0.0766374382489457,6.08172643825506,4,0,6.08172643825506
"HT-55.1",0.243816690738663,1.76221511094528,2.12854149718907,7.67223000379598,1.62956256648025
"JJN-3",0.196977271069532,2.85513465250955,1.43207194456112,0,2.85513465250955
"KP-1N",0.165545121266296,4.16751250728068,1.154252624769,0,4.16751250728068
"LNCaP clone FGC",0.224497047931478,3.88156003382247,0.84331398094955,30.2943126760972,1.28675304560639
"Lu-99A",0.218166359817079,2.73374908025869,1.06053157031244,0,2.73374908025869
"MDA-MB-361",0.194220428956238,3.849055706424,0.900468437937508,0,3.849055706424
"MES-SA",0.322223458155857,1.3736880126028,0.746706333326228,0,1.3736880126028
"MHH-PREB-1",0.12508925287814,4.50442230919095,2.27318029933366,0,4.50442230919095
"NCI-H1693",0.115557485871227,6.05058609816364,1.37375827999563,0,6.05058609816364
"NCI-H1975",0.17087421820175,3.64565304563072,1.34071771660687,0,3.64565304563072
"NCI-H720",0.278774303663608,1.04518473366161,4,19.0322673502743,0.927209577142218
"NEC8",0.260894739182534,1.45623557734842,4,8.7536108314799,1.38782791849506
"OE19",0.270246252735233,1.19205155355061,3.54020828542555,16.7512596105565,1.06228965626224
"BFTC-909",0.230108655624109,2.10988871337802,1.75605278256784,0.457109396798705,2.09888270755672
"COLO 824",0.36929112725125,0.665738554770839,1.51731673238628,11.8974504549408,0.556575801270626
"EW-1",0.302292157240088,1.1274871835167,2.18784818973108,7.70549834328425,1.04445317420979
"EW-16",0.343604645335575,1.02316267086324,0.977243987930573,0,1.02316267086324
"KOPN-8.1",0.407783393006796,0.497650298158329,2.22371225237761,8.77555824333987,0.456281322727852
"KYSE-50",0.303714602424074,1.03076563873305,4,9.8559473018835,0.97571444610337
"LB771-HNC",0.174787204637489,3.4721300664826,1.38657560426117,0,3.4721300664826
"LXF 289.1",0.346580407664706,0.732370640712813,2.80855338716544,11.6080192276064,0.666623927272609
"MOLM-13",0.940107938185448,1.03241118407232e-06,4,5.98920618145526,1e-06
"NCI-H1781",0.122581871439568,5.73132283515609,1.33851387526082,0,5.73132283515609
"OACP4 C",0.263430481159607,1.65951977654893,1.42125759413013,5.35185046310372,1.53245858105544
"OS-RC-2",0.136468632538124,5.29097180181382,1.22906682724061,0,5.29097180181382
"OVCAR-4",0.142145892216302,11.6854530920572,0.645447551081864,0,11.6854530920572
"OVTOKO",0.232564281692796,2.47745739631324,1.01352888652531,0,2.47745739631324
"PC-3",0.0729449832046295,73.0528695297739,0.554609857545489,0,73.0528695297739
"PWR-1E",0.377070043539948,0.681279144801003,2.33460089254024,4.51261400312807,0.654228346265201
"Raji",0.10744858388199,6.45727204694197,1.41378886975272,0,6.45727204694197
"RPMI-8226",0.186040523338965,3.70772866691064,1.03647747857289,0,3.70772866691064
"HT-1197",0.0960230677886218,6.89911764032553,1.7257862748436,20.609877478081,5.0707896767769
"HCC1187",0.28919672390065,0.676184970103321,4,32.3984452529845,0.520847722979314
"TOV-112D",0.214274053706297,3.24601864088244,0.875956971627046,0,3.24601864088244
"TCCSUP",0.196342268411263,2.96266969719146,1.31412813536057,0,2.96266969719146
"NUGC-4",0.12929840436301,12.6464430705231,0.82583712538548,26.2494644201671,5.13441491877311
"SNU-1",0.197107815566935,2.95015219897466,1.30734993069485,0,2.95015219897466
"NCI-H23",0.131570146714091,7.40957727378716,1.47826452426267,41.1609522842276,2.29459964810453
"NCI-H1048",0.331637893705547,0.658925945745009,4,19.4158657616397,0.582731044397129
"MS751",0.180681417768808,4.19759516198681,0.948977692577513,0,4.19759516198681
"MC/CAR",0.272526297671355,1.71051944902173,1.10360293405795,0.316365170294837,1.70070958262658
"LOU-NH91",0.264602723655063,1.72163479913956,1.32997372593704,0,1.72163479913956
"KYSE-410",0.197029875368895,2.54725999949844,2.0654471127546,7.26045298390115,2.36092829370382
"KMOE-2",0.204876613735087,2.7091214723741,1.38539248848938,0,2.7091214723741
"KG-1",0.3599799167505,0.480757306036346,1.53524624525427,34.3871618983002,0.225252942236064
"JIMT-1",0.145483288075551,3.88142412363778,2.13261171414412,0,3.88142412363778
"HEC-1",0.0157400879312347,11.6397781555434,4,0,11.6397781555434
"GI-ME-N",0.362078181460409,1.28479983234587,0.495429940202713,0,1.28479983234587
"EW-18",0.424665803134586,0.389558915518953,2.35746007412431,13.055993888203,0.34262903149876
"DAN-G",0.302388924802145,1.40841738758883,0.988537169311574,0,1.40841738758883
"Hep-G2/C3A",0.26393738142541,2.96843258456649,0.595495615431428,0,2.96843258456649
"647V",0.145749013019269,4.22364250076001,1.57745493794727,0,4.22364250076001
"DMS 273",0.396790022827611,0.513748244080171,2.31926195806436,10.8537753467714,0.462301578135561
"NCI-H1793",0.135485594017735,NA,4,63.9082783846058,0.74801786638281
"OCI-M1",0.219466494026821,2.32666818234311,1.60002436025253,0,2.32666818234311
"OE19.1",0.288468207926533,0.873969087910498,4,23.1503618508231,0.74814913854157
"OE21",0.164423613066639,3.03078757798332,2.8838547241072,13.14826070339,2.72650239559037
"P30/OHK",0.373283038496252,0.491896443776466,4,17.3172632524657,0.44229373289681
"P32/ISH",0.492077603484429,0.283200712054959,4,5.39527263616451,0.275230818827097
"PaTu 8902",0.166308239312782,4.42636715690755,1.05365446568513,0,4.42636715690755
"RCC10RGB",0.186080966070446,3.28245374952546,1.26821365469029,0,3.28245374952546
"RS4;11",0.42019516330259,0.247169402188361,3.83710207007156,25.2678371555984,0.205742090076711
"SiHa",0.163105576901216,4.50039008812751,1.07353002961576,0,4.50039008812751
"SK-N-DZ",0.355726403906945,0.663451700262127,4,11.5748507462722,0.621184629547913
"SU-DHL-8",0.05752669854172,7.11559698564742,4,0,7.11559698564742
"SUIT-2",0.10825722421454,13.4718741270124,0.776238257494104,0,13.4718741270124
"SW756",0.056097544181914,NA,4,84.8945930009221,0.769071940801214
"T-47D",0.0991009561665744,7.33309606812566,2.57614183490273,45.4271550785356,2.89771120608527
"TE-6",0.182414809737165,2.28519688359033,3.05122352537797,27.6642672238955,1.75479116234188
"TK [Human B-cell lymphoma]",0.0169992671491744,NA,2.9550526920337,70.1500043672259,7.66097194482897
"TT2609-C02",0.143673536237386,NA,4,56.6631476838018,1.01275664214552
"U-118MG",0.295156721511087,1.82475556292148,0.70550273712602,0,1.82475556292148
"UMC-11",0.257427573411987,0.965080978476405,2.66685705224551,38.3717964836047,0.558514170769454
"WM35",0.172641784135236,3.02471495609825,2.42775732837861,5.83549794766807,2.87398347703561
"G-361",0.223678527377594,2.5150077996695,1.1369717685546,0,2.5150077996695
"HCC1143",0.20046433454726,2.79009459897074,1.40235081601425,1.03283314278721,2.74887355617471
"HuP-T4",0.217564425666627,7.49150051094542,0.482454993990421,0,7.49150051094542
"MOLP-8",0.391242722070241,0.490578014110405,1.54378482219166,18.478619409845,0.363848058584615
"NCI-H1092",0.122147146181114,7.31923910364557,1.05006301871966,5.19538972928868,6.59310932162035
"NCI-H2141",0.130079034497586,4.38796468290751,2.13153904047382,0,4.38796468290751
"NCI-H596",0.30295159722553,1.35719274926901,1.08532474346314,0,1.35719274926901
"NH-12",0.252096448011197,2.17305386646687,0.951262652755584,0,2.17305386646687
"NOS-1 [Human osteosarcoma]",0.443765714854717,0.475669838715013,1.08194331891839,0,0.475669838715013
"Rh1",0.410541048496809,0.469040877855307,2.93440572431559,9.42819295274444,0.436803371303445
"SK-MES-1",0.171983196458963,3.93667457311665,1.1485901474385,0,3.93667457311665
"SU-DHL-10",0.361001389874797,0.689063885317015,4,8.34975452024947,0.658296246579306
"TC-71",0.326286475818746,0.735818833985222,3.75786964130993,17.1859970961668,0.657804491554792
"GA-10",0.372143936021136,0.717575519672426,0.884333741368945,23.7765588898123,0.345882094433418
"KU-19-19",0.236098783892512,2.43481622990151,0.990994741836096,0,2.43481622990151
"MHH-CALL-2",0.235955575495817,1.7225967728588,3.27302846121112,11.3266026326288,1.59257427948808
"MOLT-13",0.376221609494773,0.615413764569338,4,8.28273745904084,0.588171064368263
"KM-H2",0.177227462411872,8.11080573852794,1.43517972314902,47.5466630884823,0.992738413985004
"AM-38",0.195324347470717,2.95300127975736,1.35332315299359,0,2.95300127975736
"HL-60",0.263755141561877,0.919299564394341,4,30.5328457738475,0.726173122649132
"A2058",0.272371887308143,1.72209514466055,1.09060482085075,0,1.72209514466055
"AN3-CA",0.44531932363048,0.507018696526226,0.640530292811492,0,0.507018696526226
"CAL-33",0.358020219204153,0.578359679591232,4,16.0938080443454,0.524837987445279
"Calu-6",0.220291192149087,2.60650738644733,1.1202371565493,0,2.60650738644733
"CFPAC-1",0.24680348056481,2.45409499227007,0.850818477759354,0,2.45409499227007
"COLO 829",0.253682456193991,2.07800246549868,1.00689955164781,0,2.07800246549868
"EMC-BAC-2",0.252439390376018,1.98780802556739,1.13622522403475,0,1.98780802556739
"EPLC-272H",0.258358657769778,1.5137706340842,2.21366250555153,11.0424927088552,1.35238707747833
"NCI-H2369",0.131314288349791,4.23971603106955,2.41787932983585,0,4.23971603106955
"HCC15",0.311006681800687,0.914302615409499,4,12.9203583282014,0.848459942364789
"JVM-2",0.31881192509215,1.1184952597334,1.10581990016322,10.2386773830345,0.909174735451802
"KYSE-520",0.213076501769142,2.40451439465667,1.68587696727939,1.23402578531019,2.36913453301301
"L-428",0.0703220915587839,7.15373707076838,2.43160166417595,0,7.15373707076838
"LCLC-97TM1",0.151163247274462,4.17575426765431,1.5672350613605,25.0685021885023,2.67853589156072
"M14",0.26759733048438,1.65271098047971,1.45273463465957,0,1.65271098047971
"Mel JuSo",0.0863771031624848,NA,1.58948090696063,53.4591596438856,3.02956999528102
"NCI-H1568",0.085686692416957,10.3605148328947,1.451286202729,30.5970782596539,5.39651493731723
"OACM5.1 C",0.32676267592745,1.60036511753965,0.578614135120328,0,1.60036511753965
"OAW42",0.144999234670337,7.434767820442,0.815491530380215,0,7.434767820442
"639V",0.283517679358022,1.4382729444778,1.56612267508309,1.39737025426606,1.41247569719852
"BV-173",0.544810183334896,0.17602474448961,2.54144277027481,8.50030657803643,0.163580498640767
"COR-L311",0.38550769408001,0.575313859385924,3.48081226669582,8.45229940839231,0.545506799908287
"EGI-1.1",0.134965287239729,4.31977047441547,1.93585020813763,0,4.31977047441547
"EJM",0.242185727498657,2.2650430288496,1.02737609607694,0,2.2650430288496
"ETK-1",0.203409847985649,2.40135502197843,2.37030413577262,5.7324875250394,2.28110321811934
"GCT",0.229414346497106,2.05057334678562,1.75044383319072,6.39552620803749,1.89635134199628
"HTC-C3",0.275676131155547,1.76865094172355,0.964196648535863,0,1.76865094172355
"JHH-4",0.427322070313204,0.723256501895538,0.411148170586937,0,0.723256501895538
"KP-2",0.228673697552223,2.27409166840941,1.32583406967212,0,2.27409166840941
"NCI-H1417",0.388408415273618,0.63167698562759,2.52410866254011,4.03489328686103,0.61096730577708
"NUGC-3",0.130334526140496,5.57850808156447,1.24477564194985,0,5.57850808156447
"OVCAR-3",0.142813091211284,5.44125146762552,1.19735630849379,17.5334962717476,3.79380503313095
"PaTu 8988t",0.156041139034879,3.32288675590663,2.19001445944523,25.7346257687768,2.38861001877117
"SK-GT-2",0.38906328401342,0.648353905671354,1.19285325889357,6.44282537126785,0.577547570850352
"BHT-101",0.262921746961132,1.55377276181049,2.53825439658167,4.55154584681685,1.49643216121016
"TE-1",0.193153785111447,3.00151877211603,1.35895167834668,0,3.00151877211603
"SNU-398",0.272923565256984,0.773816360911887,3.99878955076137,33.552876215496,0.585978058619576
"SK-MG-1",0.0673300420534648,8.3836280977352,1.87508853019741,0,8.3836280977352
"SCC-3",0.315613534113624,0.996605742724473,4,6.97989161367128,0.959839811587698
"RPMI-7951",0.257932994152642,1.80345378793026,1.35343878623576,0,1.80345378793026
"RL95-2",0.286966583525271,1.88225354717557,0.746284333384301,0,1.88225354717557
"RERF-GC-1B",0.36742180963944,0.849000684968321,0.991513933635419,0,0.849000684968321
"PL4",0.226422853826373,2.86326494636167,0.887844557185403,0,2.86326494636167
"OSC-20",0.235629711284884,2.3128921198822,1.09956939959362,0,2.3128921198822
"OAW28",0.111244797721829,5.12937141004066,2.13615739255415,0,5.12937141004066
"NCI-H446",0.471304406230614,0.360785656177669,1.18568877324199,4.18944195494999,0.335117147706123
"NCI-H322M",0.170320877886635,2.83368873246928,3.60393550925413,12.3157091071488,2.61984502748496
"NCI-H1915",0.0973312340261602,65.3573748639995,0.483215615442146,0,65.3573748639995
"MM1.S",0.275572968773303,1.4034124048674,3.59942415657507,4.29364166022955,1.36883809292008
"Karpas-231",0.155400221655999,4.42869926131706,1.21687395287916,0,4.42869926131706
"FTC-133",0.181869055732452,3.53018191794441,1.22887015601854,16.1420044495712,2.57052084446864
"A-204",0.467595677252687,0.434467505910712,0.509081400183629,0,0.434467505910712
"HSC-4",0.105745484337253,5.35117626336848,2.17408400312332,0,5.35117626336848
"NCI-H1650",0.196188117954163,3.04950747443208,1.23458812068241,0,3.04950747443208
"NCI-H2228",0.334167572315041,1.0205563768727,1.42147894737417,0,1.0205563768727
"OVCA420",0.150670871515449,3.29941461917535,4,11.5728338038703,3.08925659825011
"RC-K8",0.0903456201336858,7.65135833015754,1.45221407889522,0,7.65135833015754
"RERF-LC-KJ",0.182660245554794,2.83549238467117,2.16629176773965,6.66723280190356,2.65422205002882
"RERF-LC-Sq1",0.143100575052247,4.32274693003315,1.57701837503068,0,4.32274693003315
"SBC-5",0.379801130009338,0.677697736892932,1.04931499736133,11.9214261542088,0.522764379270137
"SCC-15",0.268960964490128,2.65730887294467,0.624371813351074,0,2.65730887294467
"UPCI-SCC-090",0.0571246669816569,NA,4,89.4226411911435,0.239842831304429
"SF268",0.149619638498769,4.20035171288839,1.47613848254133,0,4.20035171288839
"SK-ES-1",0.366331760294417,0.561908624969136,4,14.6870083367488,0.515118117790512
"SKN-3",0.19913567951014,2.49024217635208,1.99209679378298,9.69537518919819,2.2348497201553
"SNU-182",0.242103798473926,1.88923532711146,1.80467723967674,3.2805166686328,1.81951305005504
"SUP-B15",0.419906269117877,0.464662426958487,3.61994503855645,6.70396837724062,0.446545839883138
"SUP-HD1",0.241084871098749,1.89516597375461,1.63110009423671,6.8361905719274,1.73181598814407
"TE-4",0.108225479133536,4.61654230066862,4,12.1691394361836,4.30562174081255
"TE-6.1",0.218638628805955,2.69959859907572,1.07574593310907,2.91312353627953,2.55308182402897
"Granta-519",0.109208414574379,7.90774277483506,1.10025568108301,0,7.90774277483506
"PaTu 8902.1",0.199405134859174,2.69108126156914,1.56929532068236,4.62760780154478,2.52958671791907
"OE19.2",0.242383323760576,1.56320664178888,2.83699985765175,15.9948470476552,1.36458781358775
"OVCAR-8",0.138967108513509,5.42516919210358,1.42729057266567,30.8853589271784,2.76584765739041
"U-251MG",0.100624641217334,5.26150893984615,2.83641980504923,0,5.26150893984615
"A-704",0.31046449100539,1.28742179197579,1.06672250520799,0,1.28742179197579
"HCC827",0.201799538942197,2.36616966003282,3.02786909307662,6.51974225996291,2.25946740302668
"Lu-135",0.474860792387672,0.281673991099261,2.23287416137177,10.8424149600375,0.252467386503446
"MFE-296",0.166914651834681,4.31686946533825,1.07953015543153,0,4.31686946533825
"MFE-319",0.0975612409068326,5.00147660854568,4,14.9760991049699,4.57558755120265
"MOLM-13.1",0.929997550256985,1.03842708155433e-06,4,7.00024497430154,1e-06
"NCI-H2405",0.191830849062689,5.78216813421815,1.39442468447734,46.5015045481175,0.858476719295107
"NCI-H650",0.155214346233323,3.58606516111209,2.1803775052571,0,3.58606516111209
"OVISE",0.158129056561967,3.65598567744531,1.78486741612281,0,3.65598567744531
"PF-382",0.403459857418688,0.462380183637113,2.31734546649667,13.0341019805125,0.405878640287298
"TYK-nu",0.0461068383482237,7.89438406015492,4,0,7.89438406015492
"UACC-257",0.184522360512687,3.18252571740161,1.40509186528343,0,3.18252571740161
"Rh41",0.307251033861703,1.12483218013895,2.55101914486634,4.56912232547195,1.08336081835409
"DK-MG",0.522179197756774,0.259484048442272,0.596552906615837,0,0.259484048442272
"HOP-62",0.0651708288377894,8.04007614844824,2.10913935412136,0,8.04007614844824
"U-87MG ATCC",0.296008122815535,2.44192929290821,0.528100736654326,0,2.44192929290821
"TOV-21G",0.265498794975323,1.76551988998299,1.16090567606344,1.91625246952439,1.70707757069965
"TGBC24TKB",0.379567399657733,0.680966788089161,3.19175178436697,3.1612428468317,0.667173939808584
"SW626",0.235988137745859,4.05685047715072,0.594543524345952,0,4.05685047715072
"SW1573",0.164166855921661,6.41993035165609,1.71688483644079,47.2650203750897,1.18159552198155
"SU.86.86",0.177271097478497,261.469245988938,0.239269161000521,0,261.469245988938
"RPMI-8866",0.288210938123005,1.69055624193847,0.86174739442749,0,1.69055624193847
"RD",0.175415778403647,3.28511696240065,1.59251195022975,0,3.28511696240065
"PA-1",0.355121241232652,0.862583412812056,1.3475101006419,2.15096833949639,0.834889787219543
"OCI-AML-5",0.655327848244894,0.0779638392967995,1.61541641023698,8.40359001933812,0.069570243651033
"NCI-H209",0.185663973691491,2.82509479412008,1.93114859515565,7.15812333656347,2.60787083780477
"NCI-H1876",0.338474545899972,0.731573636023696,4,13.1307012377942,0.677925179190457
"LN-405",0.118997670529757,4.9106289459287,1.97800626854402,0,4.9106289459287
"Huh-7",0.233222116574963,1.89769128846894,2.27578039701384,7.5283912024774,1.76637955812112
"PC-14.15",0.17149521272073,3.52032290448654,1.43460694983854,0,3.52032290448654
"PC-14.16",0.122548482419182,4.469097520241,2.41450077094235,11.9117253771403,3.99277127215384
"PC-14.17",0.140414892484903,3.45768492652472,4,16.9520137077322,3.11766297981364
"MHH-ES-1.14",0.211184397932953,1.35579006482668,4,38.1323070687463,0.946327631700349
"MHH-ES-1.15",0.308628318844161,0.966469957776416,1.48376315454444,22.4147854965693,0.647303951699754
"MHH-ES-1.16",0.304610986049836,1.10923495239242,1.30200700809307,18.0932524069757,0.785574879972482
"SNU-C2B.14",0.0842775716957723,27.8325336376191,1.33098634447269,45.9996255167605,4.17301653842289
"SNU-C2B.15",0.0675452797338007,NA,1.29473698059291,51.5888982010262,4.95269099214606
"SNU-C2B.16",0.0671038227073256,9.80278899532335,4,48.4763871426445,4.09567805087425
"HT-29.13",0.235058413450565,1.67521546369766,2.41243772734672,17.5720848837052,1.3999743211118
"SW620.14",0.252217747131487,1.402603423913,2.21750569332844,21.639258734878,1.08613949862635
"SW620.15",0.265572708274813,1.27744603061041,2.03878389499673,21.5634911078939,0.968560856288289
"SW620.16",0.252487483268565,1.35211352346921,2.4165072767068,22.4860702055548,1.05599279145786
"U2OS.14",0.13733010290812,3.88638110166979,2.64998072912389,9.73401088270248,3.58147144320173
"U2OS.15",0.137448318214332,4.50439305081503,1.6097256612011,0,4.50439305081503
"A-549.13",0.270567218570667,1.03158127821444,4,22.9303549952601,0.884874318189491
"C32 [Human melanoma].12",0.144061900874739,4.18941346581485,1.67448933494207,0,4.18941346581485
"C32 [Human melanoma].13",0.148498491079873,4.09729963244495,1.60464913184639,0,4.09729963244495
"A-375.13",0.223584938743803,2.01258836609694,1.73724748886025,17.8079603306345,1.56200858246671
"A-375.14",0.239841227243523,2.07849175893865,1.29300969879265,3.00573444422364,1.98118344694522
"C2BBe1",0.166168487536459,4.0160973211455,1.25727489017285,13.0822373574957,3.15519584797921
"CHP-134",0.312319141562726,0.723081604729328,3.04675435395825,24.1213762786666,0.582515475422334
"CL-11",0.35153673578235,0.557691940715782,3.08729914882,20.6161687599856,0.469479379080302
"Karpas-45",0.442987083874514,0.382375882592618,2.3221931218053,8.50724644329659,0.352866672755271
"NCI-H1573",0.268491895321178,6.21489520718282,0.379651858712617,0,6.21489520718282
"NCI-H1688",0.207639272120873,2.87614690939953,1.27415951056632,32.7027493111975,1.25028633611605
"NCI-H196",0.192040866811815,642.099991813535,0.194693414198034,0,642.099991813535
"NCI-H196.1",0.0786223324295648,17.8112805663796,0.869060416821792,0,17.8112805663796
"NCI-H2122",0.322649010936747,0.924596146123766,1.98495182924661,11.3572409046527,0.812039152623161
"NCI-H2170",0.358121519258127,0.517405244801946,2.86656938680645,21.7332536421163,0.424055740944407
"NCI-H661",0.113509763767401,4.26452566379202,4,44.8625921886088,2.41442790393581
"PFSK-1",0.230994770397818,2.27800508146559,1.20830140277679,6.05796703334863,2.04707742228019
"SU-DHL-5",0.327641977759877,0.779168972698872,4,14.1155091724387,0.717159649282848
"U2OS.16",0.177903411031294,2.95659214403221,1.99333766837694,9.79941846610666,2.6501122119855
"U2OS.17",0.160983989496246,3.18860314434713,3.01287736694352,8.18638076393208,3.00487921748445
"U2OS.18",0.188226544339682,3.20745217391841,1.27949842781904,1.50752518539011,3.13161876467574
"SW620.17",0.350819922541054,0.894723070408482,1.02213237453354,8.8490764627008,0.739485846052515
"SW620.18",0.302549515514856,1.22623558688643,1.35424185182985,6.7170203954178,1.10232526436305
"HCT 15.12",0.224171131971051,1.88166447708077,1.92218784607383,21.7968540097001,1.39692375494026
"HCT 15.13",0.23285488944281,2.01784376722501,1.4312608122333,16.3489686035617,1.53014856219612
"HCT 15.14",0.238753947281981,1.77645901840212,1.9005027568294,13.6514035235822,1.50206602314047
"A-375.15",0.25552298660125,1.49300926840485,1.86263047720608,17.8758332520751,1.17735739688113
"A-375.16",0.241508045102478,1.86377557794116,1.46389603983611,15.072243863428,1.45869925042134
"A-375.17",0.232542648477868,1.21098032405035,4,32.2151408388647,0.935205803699589
"PC-14.18",0.227584443140325,2.01703721671417,1.91953716756095,8.44448505840408,1.83172121856021
"PC-14.19",0.195410357685139,2.57551698889108,1.99301874355346,8.93286897957538,2.33333391890561
"PC-14.20",0.21245005541059,2.55700618861738,1.37353896695584,0,2.55700618861738
"C32 [Human melanoma].14",0.264182841272607,1.45913770886953,2.99465479562177,8.02883417917516,1.37629456492736
"SNU-C2B.17",0.191201435671744,6.89399492177261,0.598897793314192,0,6.89399492177261
"SNU-C2B.18",0.152999592064015,6.97313164911338,0.796291725397269,0,6.97313164911338
"RT-4",0.272581963207005,1.86125116566034,0.919045082462869,0,1.86125116566034
"NCI-H2347",0.137466033905668,655.122798799887,0.25230181577657,0,655.122798799887
"NCI-H1563",0.279346413609963,1.94610676643698,0.782555579016344,0,1.94610676643698
"NB1",0.231827095658081,1.88137281429937,1.61107957773729,22.087746384253,1.31017292934119
"OV56",0.0666054747758391,50.4921766295889,0.64581880922908,0,50.4921766295889
"HDQ-P1",0.333913211880335,1.20505746138117,0.788509987187384,0,1.20505746138117
"HDQ-P1.1",0.296505504568271,1.62244082550696,0.819224528089606,0,1.62244082550696
"Panc 08.13",0.252181006587906,10.3750935116773,0.34387538418749,0,10.3750935116773
"Hs 445",0.168429266113266,4.44500648061511,1.02201660623816,0,4.44500648061511
"ALL-SIL",0.634182215893152,0.106198308970857,1.32826449873514,4.36829875889999,0.0991348739058002
"ALL-SIL.1",0.613222576952581,0.112568779918252,1.68788295754471,7.29344608202116,0.102529562912988
"ALL-SIL.2",0.628988770321043,0.0988048517877101,1.38192432957873,7.61324643673043,0.0876728778678187
"MHH-ES-1.17",0.275059539262842,1.11023234885545,2.01643714827389,25.8106708825171,0.774508291737199
"MHH-ES-1.18",0.298140409802825,1.47836541528205,0.926845569440932,4.82992382493917,1.32489163086421
"A-375.18",0.227356616264346,1.94068543876531,1.78856362480176,16.8535773668451,1.54218243118494
"A-375.19",0.266151033850649,1.09180678817661,4,22.1335056427967,0.943352214746629
"A-375.20",0.27543046404851,1.60698528933294,1.2600991815471,0,1.60698528933294
"HT-29.14",0.204540282884946,2.40555883148301,1.80394999807068,12.6195111636742,2.0473358051201
"HT-29.15",0.224234955168842,2.11858691227872,1.50267673305338,17.9399452357659,1.57617701787206
"C32 [Human melanoma].15",0.141643558986572,3.56903459326899,4,10.3758196251981,3.36742808230624
"C32 [Human melanoma].16",0.179225797476714,3.4500038380975,1.29308358056526,0,3.4500038380975
"SW620.19",0.311998840446429,1.34170938212146,0.884881717539264,6.22675594524418,1.1544702869142
"SW620.20",0.315264305829087,1.22111507951893,1.01254020524105,6.47678386506395,1.06476495319974
"SW620.21",0.299602316103634,1.11154541471167,1.47046437675344,17.2639291393724,0.833364753248143
"U2OS.19",0.201966164011217,2.70731598501103,1.41592197592546,8.45350271588547,2.37536866204884
"U2OS.20",0.190712723770712,2.54672620211287,2.21323754011523,13.9918008059036,2.19566431553645
"SNU-C2B.19",0.18507465344804,7.98721848442851,0.578508631258485,0,7.98721848442851
"SNU-C2B.20",0.141215598824086,7.0692762476871,0.874551263664849,0,7.0692762476871
"SNU-C2B.21",0.122937167408756,15.5050843604637,1.79133325596853,48.7662826165127,1.96316076632837
"PC-14.21",0.152731821360213,3.59229809217438,2.21266829306075,5.5153010882962,3.40746994576142
"PC-14.22",0.186597764920441,3.22623672992236,1.30382533993944,0,3.22623672992236
"PC-14.23",0.184230180774922,2.94891219001658,1.75638153301201,4.49285508393531,2.79499339297151
"SNU-C2B.22",0.158285700347657,3.13556347257144,2.85906407995507,45.5715818745221,1.3431072802225
"SNU-C2B.23",0.201412205530057,7.05329813586878,0.551766688715132,0,7.05329813586878
"SW620.22",0.311160677468024,1.0005269113423,1.7531627829533,13.7957360886636,0.83224875357921
"SW620.23",0.318699522161116,0.943366361415223,1.70115939883741,14.1116437376149,0.776287461562544
"HT-29.16",0.243013866231685,1.99578445975169,1.2923459717075,7.36644147184768,1.76422247376339
"HT-29.17",0.24793728547791,1.65630348404195,1.76303650288499,15.2340916907847,1.34780148311746
"HT-29.18",0.284648569502403,0.968393089846835,3.01122655286805,22.3281041475644,0.795659559104085
"U2OS.21",0.179439936544551,2.85014790945183,2.1314323331758,11.8735903419345,2.50972206320965
"U2OS.22",0.154268839455069,3.03259656965137,4,18.8127697072831,2.69504697936594
"U2OS.23",0.220980197404155,2.84283620758519,0.958727077355644,0,2.84283620758519
"MHH-ES-1.19",0.301236386977866,1.70186998346095,0.71799470794115,0,1.70186998346095
"MHH-ES-1.20",0.284799540523276,1.04497507601777,1.94208137659011,24.7013083389813,0.735797099832392
"MHH-ES-1.21",0.328643374370343,1.08423335940662,0.960278639224633,12.5625991704485,0.802158925033275
"PC-14.24",0.194491786181968,2.79948021078689,1.57498343957031,4.33229911067227,2.642932789961
"PC-14.25",0.240785419823437,2.23359746395712,1.08133048877206,0,2.23359746395712
"A-375.21",0.286685366757942,1.13976735612581,1.70771825709367,20.3310630739896,0.839623734129523
"A-375.22",0.296755484102694,0.910370254432144,4,18.3675510200921,0.811911629399655
"PC-14.26",0.201652355729515,2.50252103190382,1.76820318487621,10.4012266684279,2.19328249749766
"C32 [Human melanoma].17",0.253850199825573,1.52581292944597,2.49386147994459,12.0323080516863,1.36634778003343
"C32 [Human melanoma].18",0.23917702637882,1.69168424642526,2.11113255586044,16.0316147162685,1.40861028231445
